00000000000001010101110011000110
00000000010110000010111010000010
00000000101010001100100100111010
00000000101110001011101001010110
00000000101110101100001111110100
00000000111010001000011111001011
00000000111100100011000111110110
00000000111111011100010011100111
00000001001101011001101101001101
00000001011001010100111011100111
00000001011001111000111100010111
00000001011011101101110001001011
00000001011101111000010011000101
00000010011101100101010110100101
00000010101100111001010101000001
00000010110000111110100011011001
00000010110011111010000011010001
00000011001001011100111101011111
00000011001110010001011001001010
00000011010101110011100111110110
00000011101001101111011101000110
00000011101100100111101010100000
00000011110101000111010101100011
00000011111100010110101011111101
00000100010010001111001111111100
00000100010110011110000100111110
00000100011111011111110010010010
00000100101111000001011100101101
00000100110010011110101001100100
00000101010010111111101010010111
00000101100100110011001110110011
00000101100101010110010000010010
00000101101110100100101010010011
00000110001001010100110110100011
00000110001100110010100001111101
00000110011010111110100110111000
00000110100110011001000111101011
00000110110010100010011110110111
00000110111111001011000011000101
00000111000001101101100001100010
00000111010011110110110011000001
00001000111011111111100010000001
00001001000010111010110110001110
00001001000101000000111001010111
00001001100000101110011100101111
00001001110001101011011000001110
00001001111111001100101101110011
00001010010011101011011111110100
00001010010101010100101110111001
00001010011010110010001111100000
00001010101000011110010101111001
00001011000010010110001001101011
00001011101111110000101100000111
00001100110011110001001101010100
00001100110011110010100100000111
00001101000100100100110110101101
00001101011111001101100100001001
00001101100001011011100000001101
00001101101001101001010010000011
00001110001101110110010001000100
00001111000111111001000110110111
00001111001011011111110010000011
00010000000011010000100100101000
00010000001100111010111001100100
00010000101010100111010011101010
00010000110011100100011001011100
00010000111110101111000110000001
00010001000100110100010011100111
00010001010001000010101101100011
00010001011000010001010100111001
00010001011000011000001101100100
00010001011100111111111001100100
00010001011110011101110011001010
00010001110110111001001001001001
00010010010110001101100000000101
00010010011101110111001100110000
00010010100101101011101000011100
00010010101100001100000011111000
00010011010111111101010101111010
00010011011010110001111001001011
00010011011101011110001110011011
00010011011101110011101011111110
00010011101000100111000100100100
00010011111010010101101011111010
00010100001010010011001010110100
00010100001011010101000111111110
00010100010000100001000000001001
00010100010101110110101100000111
00010100011010101110100011000010
00010100100110110001010011110110
00010100110001101011110001111010
00010100110111110000100101011010
00010101010100110001011100010011
00010101011000101111010000101101
00010101100101000011101001100100
00010101110001111111110010011010
00010101111001001100010110110100
00010101111100000100111011100011
00010101111101110110111011001011
00010110001111111100001110111011
00010110100011100101110111101001
00010110110101001000000111111010
00010111000000001101100101010111
00010111000111011100111111101001
00010111010011010110100111101000
00010111100011111110100101100100
00010111110011101100100000110001
00011000011110000100010001000011
00011000101000001001001000000000
00011000101101110101101101101101
00011000110110000101110101110101
00011001000100101010010010100010
00011001000101101100000010111101
00011001000110011011000000011100
00011001100000010011001101111101
00011001100111101010101100101111
00011001101101110111010000111001
00011010010101110010101111110011
00011010010110110011101011010010
00011011011001011010001010111011
00011011110010000011100000111010
00011011111100111111111010111101
00011100000101001100000111011101
00011100001011101000000010110101
00011100010010110010111001110110
00011101001100101111101101110000
00011101001111011000101111010101
00011101011000101010010111111011
00011101011101100100111110110000
00011101110101000000000011111000
00011101111001010000001110010001
00011110001010011100010011001111
00011110011111011110011100100101
00011110110100000000111000101101
00011111011011111100001110010010
00011111101000011111010100011100
00011111111100101011100010010111
00100000000011110101110000111100
00100000100101101110101100100000
00100000110010000000100001000000
00100001001011001010100001101101
00100001100001010011001010111111
00100001110111111101101100101010
00100010011001011110011011001101
00100010101001011010001101000100
00100011011100110111110000101111
00100100010111101110101010011110
00100100011011000111011011100100
00100100100010100001001010110100
00100100101000101000100111111111
00100100110110110001000110010101
00100101100101111111011000000100
00100101100110000000111110101010
00100101110001110110011110100101
00100101110110101101000000010110
00100110000110011111101111110111
00100110011100101100000010000111
00100110110100000010011011000101
00100111000100100000010011000010
00100111101011010101111000001000
00100111101111011011111101010001
00101000000001010001001001010000
00101000100010000100000010100100
00101000100101001010010111011010
00101000101111101000110111111011
00101001000001001000110110000001
00101001000011101111111100111010
00101001011110001101100110110001
00101001101110101000001101110111
00101011000100011110001111001011
00101011010000011101110011100110
00101011010010101100111000101110
00101011010111110111101010010010
00101011100101101011001111101110
00101011101110000011011101001111
00101011101111011011101110000000
00101011111000010000101001110101
00101100001010010011001011111000
00101100010101111011111110001010
00101100011011101010011010100010
00101100110011100110000101011000
00101101000010000011100101010111
00101101000111111010000111011010
00101101001010000001000101010111
00101101010000000000011011001000
00101101011100010001010101000011
00101101100101000101010011101110
00101110010111110101001001111001
00101110101000101011001101111010
00101110111101100111010010100100
00101111000111110111100010001101
00101111001001110111000101010000
00101111001010111000001010000000
00101111011010110001001101000101
00101111100010010001001010101001
00101111100101100011010001101000
00110000000001110011111011110100
00110000100110001001100011101001
00110000101111000110000101001101
00110000110111110000110001000100
00110001000011001100110101110110
00110001001000100010111011001000
00110001001001111101101011110010
00110001011100010100001010110001
00110001100101001111111111110010
00110010100001110100101111010111
00110011000111111000000010000100
00110011010001001110011001011011
00110011010101110000000101010000
00110100000000101101110010001010
00110100000010110011111010101111
00110100100101001011001101111110
00110100111011110101111011110000
00110101001000101001011100111100
00110101010101010011100001011101
00110101011100101011100101011111
00110101011110110101101001111100
00110101100011000111101000100111
00110101111111100011101100111101
00110110010001010010111110011101
00110110011001010001110110001110
00110110110001000110010010011111
00110111001000001011001110110101
00110111011000010101110011110011
00110111100000101000011010111000
00110111101000000001111010000010
00110111110101000001010011101111
00110111111000101000001011010101
00111000011000011101100101010111
00111000100111000110010100111110
00111000101010000000101001011000
00111000101011100001011101011000
00111000101101101100000101101010
00111001001000110110010001111011
00111001001110001100000010100011
00111001001110001111111001101100
00111001110010011100000101110100
00111001110011011101010001000110
00111010000001000111000111000001
00111010010010011101100001111010
00111010100001010001100010011011
00111010100101000010010001110001
00111010100111111001110111101100
00111010101101111011101001000100
00111010110100101000010010110010
00111010111000010010100110010001
00111011010011110001000100101000
00111011100001010000000110101101
00111011100101011001011101101100
00111011110101111000000010010001
00111011111101110110000011101011
00111011111111001100000101011011
00111100000101100101110111111111
00111100000110111001111000001101
00111100001010111001010100011011
00111101101101111100101101100101
00111101111000100010100110110001
00111110010010111100100101001011
00111110100000101000001100000111
00111110100011100111001000110011
00111110111000010011011100101011
00111110111011001000101000000001
00111111011110111001010110111010
00111111011111101110100000011011
00111111101110000101101100110010
01000000000010000001101101010100
01000000011100110011100111010000
01000000100101110100010101111010
01000000110011000101111010111011
01000001000110010011100000111000
01000001010100101011101110000011
01000001010110100001100101101100
01000001011100011100100001010100
01000001101100010000010111101001
01000010001010011000000010101101
01000010001111011100000000000011
01000010010110111010010000100111
01000010011111100100001101000001
01000010111100111000111000111111
01000011011110101100111100000000
01000011100001101110010001010011
01000011101110000111001001001001
01000100100011000000100001100100
01000101001010100101100000011110
01000101001100001110010011110000
01000101100001001100110111011111
01000101101111000001110111110100
01000101110011100010101110101000
01000101110110110010001000101011
01000110001011011110111001100110
01000110001111010111111100110011
01000110011011111010101011000010
01000110101111110001010011111110
01000111000001010001011000011110
01000111001101001110111100101010
01001000000000110100000101111011
01001000011100101010110111011010
01001000101000011001010001111000
01001000101111111010110001110111
01001001001111000010111110010000
01001001110110001111111000011000
01001001111111000010010110001001
01001010000010101000111010111011
01001010111110101001100010010101
01001011001101010000001111011001
01001011111100101011000100000011
01001100001000101011110000101100
01001100101101110001000011000000
01001100111000001010011001001000
01001110010111101000011100011001
01001110100111100101000001001101
01001110111000001000010000100101
01001111000001100101010010001011
01001111000010001101110111010000
01001111100111011111010000000111
01010000010001011011011011110111
01010000010011001100010011011111
01010000011000001000000000101110
01010000011100010101110010010011
01010000111011001101001100001100
01010001010101000010100010000100
01010001111001111010101110101110
01010010001010001110000011001100
01010010001010010011011010010000
01010010001110010111011100001011
01010010011010001101000001111101
01010010011100000011100110010110
01010010111000110111010100111001
01010011000000011011011011000110
01010011000011100010101011011101
01010011010100001001101111011010
01010100011010111100100001111111
01010100011111101000100111101101
01010100100101111111011011001110
01010100101011000101110000110101
01010100110010100001110101000000
01010100110100101011111111110001
01010100111111001001000110000001
01010101101111111001110000100110
01010101111100011001001110111111
01010110000101100010100011000111
01010110010011100110001001001010
01010110100011100101101011000101
01010110110101000000010100100000
01010110111110001010001111010011
01010111001100010001101101111000
01010111100111010001100011101110
01010111110101000100011000001011
01010111110111010110010000110110
01011000000001010000001010111110
01011000001001110010010000101100
01011000001111000010111110001011
01011000010001000010101101001100
01011000010010110010010101111000
01011000010110010110100000001010
01011000110001010010110101100001
01011001010111010000101001000010
01011001011010000111101001001000
01011001100101110010100100001000
01011001111000101010000110000111
01011010000111001100001011001000
01011010010011000011110111101110
01011010011110101111010111101111
01011010100111011000100110110000
01011011001011011111111010000111
01011100000100001111111101101110
01011100100111100001111110010111
01011101000111101100010100100000
01011101001110101100101100011110
01011101011110100010110101011110
01011101100000100011101100000111
01011110011110011010101100110100
01011110100100011100100000101010
01011110111101101010100111000010
01011111000010101100101100010010
01011111101110101111000010101001
01011111111010111111011101001001
01100000100111001100110001100100
01100000101000101100111111011000
01100000101111000100111111110010
01100001000000000011111101011111
01100001010110010110001111111100
01100001101100011111000111111011
01100001101111110100001111001001
01100010000001010100011111000001
01100010100111111001001000001110
01100011000011010101011111100101
01100011100111011000100000100101
01100011101000000101101000001101
01100100110011110011000111110111
01100100111010000010110001010010
01100100111111001111001010001011
01100101000100001001001011111001
01100101001001010110110110000110
01100101001011010100111111010010
01100101010100010101001011110010
01100101010111011101000110010110
01100101100110010011101110000101
01100101101011111100000111000100
01100101111010101001100001110100
01100110000000110001010101011010
01100110001011010111110001111111
01100110001110110010010110011001
01100110011000011111011001101100
01100110111011000000101101100111
01100110111100100101101100111110
01100111000011111011111111110110
01100111001101011110100000101001
01100111011010101101001101011010
01101000100111010110111101101011
01101000101100111000100001100100
01101000110000011010010000010110
01101000110010000100011110100101
01101001001110001010110111110011
01101001100011000001100101101011
01101010001010010100000000011001
01101010100010010101001111110110
01101010111111101011011011101110
01101011000111111001101100010101
01101011100001000101000110100110
01101011100111011001011111000110
01101011110010110100011101010001
01101100001111111100100010011011
01101100010000101100000010001110
01101100111001010101110111111011
01101101011110111110011000101111
01101101100010110111000000010111
01101101111011010110111000010010
01101110000011000111000101100101
01101110010010111010010101100011
01101110010101111111111001110010
01101110010110110000111001011011
01101110011111011110000010101110
01101110101100101100001000100001
01101111001000000111100101001011
01101111010100001111000111110011
01101111100111111111111111011111
01110000000100000100101001000000
01110000010001111011111010101101
01110000010100101011010010011100
01110000011101011000111101010011
01110000101111100101100111001000
01110000110010101001111100110110
01110001000000111100010001001010
01110001010101110111111010110000
01110001101110101111110001101000
01110010000110110010100100101011
01110010010101101000000100110100
01110010011101011001001001001010
01110010111101111100101010101001
01110011010110110110110011110111
01110011011010000110111001000100
01110011111000000111101000001011
01110100001101111100011100011101
01110100010010011101000110010000
01110100101110010100001101000100
01110100111101001110011111000011
01110101000110000001100010110000
01110101001111011110111100000110
01110110000100000010011011000011
01110110000100011111001011111100
01110110010010010000111110101001
01110110011011101000000100101000
01110110100110010101001001001111
01110110101110100001001110111111
01110111101101101010110010100100
01110111101110001001000010001011
01111000001011000100000111101001
01111000001100010001001100101111
01111000001111101010010001100000
01111000010010101101111001000100
01111000011001000001110111101011
01111000100011100111010100001001
01111000101111010011100101010110
01111000110110101000110110110101
01111001000001011101000100011000
01111001011001000101010000010000
01111001011011000001111110110010
01111001110110111011001001001011
01111001111000011000100000100010
01111010001101011010101110101001
01111010010010001111000111110111
01111010011111001110010011101110
01111010011111100101110110001001
01111010110000101011010010000001
01111011000011010011000111110001
01111011010100101000001000011110
01111011010110110000001001010010
01111011011000110100111111111101
01111011110010010111000001111111
01111011111011010111000101110000
01111101000001010110100110011110
01111101000100010101110000010010
01111101001010011101101011110101
01111101010010111000111111000101
01111101100101001010001101100101
01111101111110001111101000101000
01111101111111101110110100010101
01111110000100000101111101010011
01111110011100001000000010111100
01111110110000011111000100110100
01111110111100000101000001111101
01111111000000101000110100111111
01111111011001001100101111000110
01111111011011000000000010000011
01111111110001101110001101100111
01111111110001111001011011110011
01111111110111010011101111000111
01111111111111011010010110011011
10000000000011100101100100011001
10000001001101100111011110011011
10000001010001111011001000110111
10000001101011111010010100001110
10000001101100010100100110000010
10000001110001110100001110100010
10000001110010100010011011000100
10000010000011000000100101100001
10000010101011111010010110000000
10000010110101001001101011000011
10000010111010011101001110100111
10000011011100000010010001101011
10000011101000000101010001111110
10000011101001000100111000100001
10000011101100001011100010010001
10000011110111101100000100000111
10000100010011111010101011001100
10000100010101001100001110000110
10000101000001001100110101111100
10000101000010001111100101111001
10000101000100111001110110000001
10000101001100001110100100110111
10000110001110110011010000111001
10000110010000111100001010011000
10000110100101000000110001111110
10000110111000110001101000101110
10000111000011000111101110111011
10000111000110000000111110100011
10000111001001101111110101100010
10000111101011011001001000100011
10000111110010101010100000110100
10000111111101000000011001011010
10001000000111011110111110110111
10001000000111100010011101100000
10001000111111101011010001001011
10001001000100011000011000101101
10001001101110011001001110011110
10001010001100010101000100110100
10001010101100110010010011100111
10001011000101001110001010011011
10001011001001101100101001111111
10001011001101011011100011011001
10001011001101110001100111000010
10001011110011101100110100010011
10001100001000011100111110111111
10001100011101111110001101011111
10001100100001100011010011110010
10001100101100011111101000010100
10001101000011100110000111011010
10001101001001110111101111000110
10001101010001001110000000101100
10001110011000010001110100001011
10001110100100001101011001100101
10001111001100110110001000011111
10001111011000111110001000111000
10001111100010000011111110010011
10001111100100011010101101110110
10001111110110000000011001100011
10010000001100100000101110100011
10010000101000110111010010100001
10010001010010010011100101001010
10010001110011001111000011100001
10010010011000110010110000001010
10010010100000011101100000111011
10010011000001110101001110100101
10010011100011001111011110100000
10010011101000101110010010111110
10010011101100001000001100010111
10010011110001011111010010001001
10010011110011001001110011000000
10010011110110111011111010001001
10010100001101110101011100111101
10010100100111000100111001111111
10010100101001100110010100111101
10010101001101011110010101101000
10010101011101001110011111010001
10010101011111010101111101100011
10010101100111001110111111110010
10010110001010100011100110110100
10010110011000111100110101100001
10010110101100001001011110001001
10010110110011111011010010100100
10010110111111001000010001001100
10010111100011011000010001101011
10010111101010101100010000001010
10011000010000100110100011101010
10011000010011010101110000001110
10011000010100000011110010010001
10011000011001000111101111010000
10011001010101000011010110011100
10011001011110000100100111101101
10011001110110111010010000101001
10011001111111001111100010110110
10011010001001100111010101111000
10011010001100110000011101111010
10011010001110100111001111010101
10011010101100010011110101011101
10011010101110000010000000111100
10011010101110101000010110000110
10011011000000011100010101011101
10011011000101111001000000001111
10011011001101111011001001000101
10011011010001100000100011000001
10011011010110001111110010001011
10011100000011100110110000000101
10011100101101110101011000000101
10011110001010001010011010111011
10011110001110101100010011011001
10011110011100010001001010011010
10011110100011001001001110001100
10011110111101110110111011100101
10011111011010100100010011110111
10011111100000100101000101010001
10011111101100101100101100110101
10011111101101000101111101111001
10100000000011100011110110110110
10100000011011111010101111010100
10100000100001001110011001010011
10100000100101011100100101100010
10100000101111001001110110001010
10100000110011100110000111010000
10100001000110000000010000000101
10100001010010000111010100010101
10100001100101101011100001010000
10100001111111110111010100000010
10100010000010001000000000000010
10100010000010011011001110000111
10100010011101010001011111000001
10100011011011010110011111011110
10100011100011110001010001010110
10100011100100101101110101101000
10100011101001010111001110101011
10100011101001111000101011011101
10100011101011111000010011001011
10100011101110011011101101100100
10100100011101100100111011110111
10100100110101110101001010111111
10100100110110011100011010001111
10100100111001011101111110101101
10100100111110001001001011001011
10100101000000101001011111001011
10100101000011010011011110111001
10100101010001110100011111110010
10100101010101111100111111010111
10100101010111110011001110010100
10100101011000001101110010111101
10100101100001111110110011110110
10100101101001000100011110011100
10100101101010101111011111110011
10100101111110110100111101010110
10100110000000001101010111000111
10100110000101110010110100100111
10100110010001011101010010100011
10100110110011001110111100110011
10100111000111001101000101001100
10100111010010100100101100000010
10100111010011100010111100110110
10100111010101101100011000001010
10100111101001100110010101100111
10100111110001011000001111000111
10100111111111010011110000001000
10101000001000010111101111100110
10101000010100111011011010011000
10101000111010101100110111011100
10101001001111010100100001110001
10101001011100000111111001000110
10101001011111001100000000001010
10101001101000010101100110000001
10101001101100001100000111000001
10101001101111101010011110011000
10101001110001011100100010100111
10101010100001000101001010011000
10101010101001000001111100011001
10101010101011110010100110110111
10101010110000010000111110001011
10101010110100001100101100100111
10101010110110011000000101011010
10101010111101111000000000101000
10101011001001111101110001000000
10101011001100110111000000111011
10101011010100101010011011111111
10101011010101110100100111111011
10101011010110110111010001010100
10101011011001000110001110011111
10101011011010100011010111011000
10101011100011011101101001110001
10101011101110011100000101110110
10101011101111011100001001101000
10101100001010001100011011110011
10101100010000001110111101100011
10101100100000101111101001010000
10101101011100101010011001010100
10101110000001111011011010010101
10101110110001101111010011111101
10101110111001000001000101111011
10101111001011011110110000100001
10101111010000001100000011111001
10101111010110111011111101001000
10101111100001111010100011000011
10101111110000100001010001000011
10101111110001001101111001001101
10110001000100001011010000011011
10110001010001110011011010011010
10110001100001110101101101011100
10110010001111010111011110101100
10110010111010101000010011101111
10110011000101000110111001000101
10110011010011110001010101010110
10110011011011001111100111101011
10110011100000110110011101001001
10110011111000001101111001101001
10110100001000110110010011011011
10110100011001100100110000101100
10110100011011011101111010000101
10110100110101100001111111011101
10110101000010100000110001100111
10110101000101101110110101011101
10110101010011110010110000110101
10110110010100110101100100011110
10110110011110011110110000010010
10110110101010000000101011101000
10110111000100010010010010110101
10110111110000100110110100110000
10111000000111100011101011100101
10111000100011000101000000110011
10111000100011101111001101111010
10111000110001001001011000110011
10111001001001001101111100101010
10111010000011111011100110101010
10111010010011100111001110100010
10111011000000001001010110010111
10111011000010111000000011001111
10111011001100110110111100010101
10111011010000001011110101111101
10111011011110010011101101101101
10111011100111100110110000110011
10111011101001100010110111100101
10111011101010000100000001111001
10111011110000010000000000000011
10111011111110001101010010001000
10111100010101100101011011110100
10111100111001100001110111100111
10111100111100111110110010001000
10111101011100110011000111100001
10111101101010101001000001101110
10111110000100011010001101110100
10111110010001010110110110111001
10111110110001100111100010100111
10111110110011001101110001111100
10111111001111101110101100011100
10111111100000111010111101100101
11000000000110111101111010111011
11000000001000110011111101000111
11000000001011101010111100101011
11000000100001010001010001001111
11000000100001010101000011111110
11000000100100010111011000111101
11000000100110111110010110111000
11000000110100001110100111001110
11000000110111011011101000010001
11000000111000001100110100100100
11000001001011000001101000001111
11000001001011011000101011011001
11000001101110010010010100101000
11000010010011001000101101100011
11000010011001110011101110111100
11000010011011100100111010000110
11000010100100111100001001000100
11000010101000111100010101010100
11000010110010001111010110110111
11000010111100011001011000010111
11000011000011101010100111010111
11000011000111101110011111000011
11000011001111011010111111001101
11000011010101101010011011110011
11000100100101100010110110110111
11000100111001111010111011101010
11000101001111100010010111010110
11000101010001010100000111011010
11000101011100000101101001001101
11000101011101110111101110011101
11000110001010010110110100001111
11000110011011101000100011100000
11000110011111000011111010111111
11000110100100110011100011011111
11000110111100100110010010101011
11000111000000011101110110011001
11000111001101110100011000010011
11000111001111010111011101111000
11000111010111100100110100010001
11000111011110010110010010111100
11000111011111011011000100101010
11000111110000001111011111100110
11001000101000010100110111111110
11001000110101000011000001011001
11001001110011011011000101000000
11001010000100101111011111100011
11001010001010010100000001001011
11001010010110010011110101111110
11001010100001100011101100111111
11001010100110011100010110001010
11001011000101010111101101010110
11001011000111111100111000101111
11001011011101011011110100011000
11001011011111111100100001101001
11001011110100011011000011011010
11001011111000001011110111001000
11001011111000110010000111101111
11001011111010100110011001001000
11001100001000110011111010010001
11001100010000000000100100100101
11001100100001100111001101000010
11001100101101110100101001000000
11001101000101111000011001000110
11001101001001111110111000010110
11001101100001000101000110011001
11001101100101101100000111100001
11001110000011000100111010010001
11001110010111010000010001100011
11001110100001110111101001000010
11001110110101000100111011110001
11001111101000010010000001101100
11001111110011001001000010101111
11010000011100000010000001000011
11010000011110011010111011000010
11010000100010111111011010100001
11010000100101010011101001001101
11010000101011011011110000001001
11010000110111110101100111011000
11010000111111000101101111110001
11010001000000011001101010101101
11010001101000010010011111110000
11010001111111010001001110010111
11010010000000011001010000101111
11010010001010010010010111000011
11010010101010100001001100101100
11010011001010001000101011010101
11010011011011000011001000101011
11010011011100100010011111001110
11010011100011010101011111011100
11010011101010111011110011111110
11010011111010101100000101101100
11010011111101100011001100111100
11010100001101010101110100010010
11010100100001100111100010101000
11010100100011000001001111110101
11010100101101010011010010010110
11010101000010100101011110010010
11010101001101110100000010110010
11010101010111010011011000111000
11010101100101101111110000001010
11010101111000001101110011001010
11010110010110010011011001111111
11010110101001111110000011101001
11010110101101000101011100000010
11010110101111101000100000011111
11010111001001100000110010101100
11010111001101100111010011100111
11011000001101110011101110101111
11011000111111000111011011010001
11011001100011101111001001011011
11011001101110101011011101001011
11011001110000001111011111000110
11011001110111011110000100110001
11011010100111001110110110010000
11011010110010111110010001001100
11011010110011110010100011100011
11011010110100001010011001010110
11011010110111100100100100011011
11011011010111001000110111101001
11011011111111111111110111010100
11011100110000011011101110110100
11011100110101100010101111001001
11011101000000111110011001100111
11011101011000000101110001111110
11011110000000011101010101000101
11011110001000010010011101111001
11011110100100001110111001110110
11011111000100010111110001100101
11011111000111001000010010010101
11011111001100101100001111011010
11100000000000100000010011000111
11100000000100110011100011111101
11100000100100101000010111010001
11100000100110111000101111101010
11100000101110101000010001100111
11100001101000101100100010000100
11100010000100001100010111100000
11100010001011100010011001111100
11100010010000111111111001001111
11100010100101100111101111111010
11100010110111110010101110001100
11100010111000010101010000100010
11100011100001001110011001011110
11100011111000010100011011111100
11100100010100101010101010110000
11100101111100000110000011111010
11100110010111001101100000110101
11100110100010111010110101100000
11100111011111111101111001110010
11100111100001110011011010111110
11100111100110111111110011010001
11100111110100111110111100000111
11100111110101100001111100000100
11101000010010100011110001111101
11101000100100101111000001101001
11101000101001111011000001101011
11101001011011110110110111000110
11101001110000111000100011111110
11101001110110010000011010100010
11101010001000110100010010110101
11101010001101001100101000011101
11101010011000110101110010001100
11101010100001001010111100000000
11101010111000110110110110010001
11101011000011101010101110101011
11101011010001111011110001010111
11101100001111111111111100000110
11101100010010100101100110001111
11101100111010011110101010001000
11101101000010110001101101111001
11101101010011100110100110010011
11101101101110000011100001000001
11101101111111110111110101001101
11101110000100110000111101000100
11101110001101101111010000011011
11101110001111001101010010111111
11101110010010011011001010011100
11101110011000111011000001001101
11101110101000001010101000101111
11101111001011110000110000010000
11101111001110000101100101100111
11101111100000011111000010000001
11101111101110000101001111100010
11101111111011000010000000011000
11101111111110101001111101011001
11110000100011110011000100001101
11110000111110011010010010010110
11110001000011010011101001101001
11110001000101011111101000100101
11110001011001111101011011000000
11110001011100111001001010010111
11110001101101110000111110000110
11110001101110111110110011001010
11110001101111100001101100010010
11110001111000110100011010001110
11110010011100000001011011101110
11110010110000100011011001001110
11110011011111000101111101100100
11110011110010010000110000011000
11110100001011001011110001110100
11110100010000100111111011101010
11110100010100011010111010010001
11110101010011101110110101011110
11110101011111001010100000001111
11110111000010101110111011101110
11110111001001110110100000100101
11110111010001001011101001011100
11111000000010111000000101110011
11111000001011011011001011000001
11111000001101100000011110001100
11111000011010111101011001000110
11111000100110011000111000101110
11111001001110110001101000001100
11111001100001111111011111001000
11111010001000100010110111111000
11111010001100010011000010101001
11111010010110000111100100001111
11111010011101010011011100110100
11111010110011100001111100111001
11111010111000101001100001101100
11111011011001111010010001000001
11111011100101010100100011011111
11111011101010111100100100010111
11111011101101000010011110000110
11111011101101111000110001001000
11111100010011001000110010110101
11111100010101101101101100000001
11111100101011100101100111010010
11111101000010000010110011011000
11111101010101011000111100010101
11111101100011010000111000111101
11111110000110110000010011010101
11111110010010111000111001110011
11111110100101010010010011011111
11111110111000011101011011000001
11111111000000000011000011110011
11111111001111011000111100110010
11111111101110000011100100110001
11111111110110001001000111000111
11111111111100101111100010011100