00000000000111011100101010100101
00000000010111000001001100100100
00000000101011000011000110110001
00000000110011011100110000110011
00000001000001101110001111001110
00000001000110010010011000101100
00000001010111001111100110011110
00000001011001000100011000010110
00000010010101010101000110111000
00000010101010100111010001101111
00000010111010011111011001011101
00000011100101011011111110001010
00000011101001110011101010110101
00000011110100001111011100111101
00000011111111000011100111010011
00000100000000111110110010100110
00000100000111110111111010001000
00000100101010111101011000010110
00000100111001011100111110011010
00000101000000010100111101000111
00000101100110000011011111001001
00000101101000010111111001100000
00000101111110100011001110111011
00000110000110110111010101010000
00000110011011001000111111100010
00000111001101110100011100101110
00000111101000101101000101011010
00000111111110111111001111101000
00001000000101010001101100001011
00001001001001011000011010001010
00001001011010001101000101111000
00001001100000011111110100100101
00001001100110101111011011011011
00001010000011111110101000010011
00001010001001001011010001000010
00001010011100000001000010000000
00001010100100010000010110100110
00001010101010100101100110100001
00001010110000101111000000011011
00001010110110110010010011111111
00001011011011110100101010010010
00001011101000111000111101011110
00001011110011010111001000111001
00001100000000000011000100111111
00001100001100110100001100111011
00001100010000001100110001100110
00001100110000000110110001011100
00001101000010000110101011011100
00001101000010001100010100110001
00001101000011001001001011001101
00001101010001000111111011001100
00001101100100101011111110100001
00001101110001110000101111111000
00001110100100000011111111010011
00001110111001011111000010101010
00001111101001000011011110110101
00001111110110101011010100010001
00001111110111000001100101111000
00010000000110010010101011100001
00010000100001000011000111000100
00010000100001110000001100001001
00010000101100000100011010100000
00010000101101011100100110000101
00010000101101110001010110011001
00010001000001101010000001111001
00010001010000100111100000100100
00010001010100110110110101011111
00010010010111010110011110001010
00010010110000111011010000011000
00010010110101000100100100110100
00010010111110011101101110100111
00010011011110110011110000011000
00010011100011100000000001100010
00010100000110101110100000011100
00010100001000110100011110001000
00010100010011110010001001100000
00010100110001111011001001000010
00010101010101000010111111001111
00010101011100111111000010011010
00010101110101001011001111101011
00010101111000110010111010101001
00010110000011101100001100010101
00010110011100000000100010110011
00010110100100000011101011000010
00010110100111110010110001101110
00010110101011111001100101111001
00010111011001011110001110100010
00010111101000101011111101101011
00010111111001011010001001011000
00011000011000000110001011011000
00011000100000001100000110000010
00011000101111101001010000110111
00011000110100101101001111000110
00011001000100000010010011111000
00011001000110111100111000111101
00011001001001101101011110000111
00011001001101001001011100101110
00011001011001111000110000001101
00011001011111010101000110000100
00011001100010110100000000001001
00011010010110101001111101000111
00011010011001000100111101000010
00011010111001010010001111010001
00011011010011111110011011001011
00011100001010100011110010110011
00011100010101101101011001111101
00011100011000101100010111001110
00011100100110000000111100011111
00011101000110011100100101001011
00011101001001001101000111101001
00011101110000100001000001110110
00011101110000111000101101111111
00011110000001010111010101111010
00011110000101110110010100100010
00011110010001101010010111100100
00011110010011010001101001000100
00011110110100100101101000010111
00011110110110001010000111111110
00011110111010110100001111001111
00011111000111111110011001100000
00011111010111111111111111101011
00011111011111100000110100100111
00011111101000101011011111000100
00100000001100010000001110010001
00100001000110010000001001100101
00100001001011101101111111001100
00100001001101100110111000000001
00100001100010101001101110001111
00100010001011110110110010111000
00100010101010101011110101000010
00100011000110100010010001100001
00100011100000011111110010000111
00100011101010000111100011000000
00100011101110000100011000000001
00100011111100001001101010011001
00100100000001010010000011101010
00100100010111101001111001001010
00100100111011111100100111100000
00100101000001010001101001011100
00100101010100100100100001001100
00100110000101000100101100100100
00100110001000011011110100101001
00100110001111001001110100110010
00100110011010101111000001100000
00100110101101101100001001101100
00100111000101000001110010111111
00100111000101000101101100000001
00100111010000110101001011011000
00100111110000011010000110101000
00100111111001100010101100101110
00100111111111111111100011010100
00101000000001011001011101011000
00101000010100011101011100110000
00101000101001101111100110010101
00101000110100011001110010001101
00101001000101111100110110001101
00101001100010111110111011010011
00101010000000100011100101101010
00101010100110110001011010010000
00101010101001011010101110000100
00101010101101100100100000010000
00101010111000000101010101000000
00101011000001000000101010111010
00101011000011001011111000101001
00101011011011101000001001100101
00101011101100000011010110000000
00101100100001101010111010000111
00101100101101000101100011100000
00101100110101101101100111110110
00101101001101110001011110100011
00101101101110011101110010100000
00101110000001010101111111001111
00101110100010011110111101001101
00101110111000111101010010001000
00101111000011111011100101101001
00101111100001010101001101000100
00101111110101101101010000100010
00101111111010101001100110110100
00110000100001010110010000001000
00110001001110101011010000011000
00110001100000111101110010100010
00110001101111110111001011111000
00110010010010111011100100101000
00110010011111010110001011100111
00110010101001100001001110001111
00110010110000111100011010110101
00110010111000111111010100100101
00110010111010100001010100000111
00110011000010001100100100010010
00110011000110001101101001010000
00110011100111101101110101000000
00110011101011101000011001001010
00110011110011001000000100110001
00110011111010100111000001100011
00110100010010000111001010001000
00110100100110101100101101101111
00110100101001101110011111111100
00110100110101111010011001111001
00110100111100011101001000011011
00110101000010111101111100110011
00110101010101001011101101111010
00110101100110001101101011000010
00110101110010010100000110011101
00110110000010011000010010111000
00110110000101110010001110011001
00110110010101111011000110011111
00110110110001011110001100001001
00110110111000110110010011010011
00110111001001010101110101001010
00110111001010101011010000011101
00110111010000001111010100100111
00110111010010111010011111001010
00110111011101101010001000001010
00111000001010101000101111111110
00111000001111111110000111011000
00111000010110001011110111101000
00111001010010111000000011001101
00111001100001001001011110010100
00111001110010110011100100011001
00111010011001100000010000001001
00111010101110010100111111001111
00111010111011011010101011011001
00111011100001000011001111101100
00111100010010101100110111010101
00111101000101101110011110000001
00111101100000010111111011100000
00111101111010000010000111000000
00111110001110110010001011000010
00111110010000100111001000010100
00111110011000100010111101110000
00111110011111011010101000011110
00111110111011101001111101111100
00111111101011100010110100111101
00111111111010011111000011000011
01000000000111011000001000111100
01000000110001100001101111001100
01000000110101101110110000101011
01000001000011000010011110001100
01000001010001010011010011111011
01000001010111101111111111100111
01000001011011101011111110000000
01000001110100010000011001010111
01000010010010110111000110111001
01000010011010010100001100101010
01000010011110001011100000110111
01000010011110110111101100011010
01000010100111010110110101011100
01000010110010111100101110110001
01000010111101110001001000111001
01000010111111000111010011101011
01000011000001010101001010100010
01000011001011101100011000110000
01000011100111000101001011010101
01000011110100000010100101100000
01000011111010011011011101001110
01000100010011111010111001000100
01000100010101111000011001010110
01000100011011000111010001101110
01000100011111100110010100111001
01000100100001101101001101000000
01000100100110000111100110001110
01000100101000101110000111100000
01000100111100000010101010100000
01000101000000110101010010111110
01000101001000011011001000001111
01000101001110010010101111011001
01000101010000101100100010100001
01000101101000100011101000010111
01000101111011110111110101100000
01000101111111100010111000101001
01000110001000110000100111011000
01000110101001011000011011001010
01000110101001100011010001100111
01000110110001001000001000110111
01000111000000100110001001101100
01000111010101001011000100111010
01000111010101111110110110110001
01000111101000111111101100100010
01000111111011101111001010110010
01001000001010001010000011100101
01001000001101100011000111001111
01001000110100100100000001000010
01001001000101100100010101011010
01001001001001111101100010010011
01001001001110011001001001011111
01001001010011010000001110111101
01001001010111010110101000011001
01001001110110011111110111010001
01001001111000111100100001111101
01001001111001011111001001111101
01001001111001101101110101001010
01001010001011100110011000101101
01001011000000000011101011011101
01001011010000010000010010011000
01001011010100100010000100110001
01001011011111011001000000111111
01001011101100010011011110110101
01001011110110000010000001101010
01001011110110110010001001001111
01001011110111010111011010010110
01001100001010000011100011011000
01001100010111001100111010101111
01001100011110100110111100111000
01001101010001111010001000100011
01001101010111001110011001000111
01001101011001011111100000001101
01001110001011000110100101010010
01001110011100100000111111101010
01001110011101011101100010000010
01001111000011101011001000111010
01001111100101111011001110011101
01001111101101110011100101011101
01010000001110100100101110000101
01010001011110001000101001111101
01010001101111001011101011101110
01010001101111011100010000010000
01010001111010011110111010101010
01010010011001110100100001011000
01010010011101000111011001111100
01010010101010010101010110110001
01010010101100111100110111110000
01010011000011001011101100111111
01010011110000110011011000100000
01010100000010100101010100111100
01010100010111011111101000100100
01010100011100101110100100000100
01010100110000010101011101110001
01010101000111011100001010111000
01010101110001010010111110011111
01010101111101110111111010101011
01010110001001101001110000100000
01010110011010010100001000111000
01010110100010001001011010101111
01010110111001000100111111110001
01010111000000101100001011001101
01010111000111111001101000000110
01010111010001101011110101101110
01010111100111010010111010110101
01010111111100011001110110000101
01011000000100101100111001000110
01011000001000000001100001010110
01011000001111111001101010011100
01011000010010110100110101111111
01011000011000101001010011000101
01011001000000011101101001100111
01011001010111010111010100110111
01011001110010000001101100110111
01011010000100000011011010011111
01011010001010100111011101100111
01011010010000101101010010110111
01011010110111000100110100101101
01011011001111111110001011011001
01011011010100010111010100101011
01011011011001000001001001011101
01011011011001011100001111000100
01011011011011110001011001000101
01011100000011101101000001100010
01011100110010111110110100110100
01011100110100001111001111010001
01011100110100010101001110001001
01011100111111000001010000011001
01011101001101100100100110110001
01011101100110111100110101110010
01011101111001101101011110001010
01011110100011111001001010110001
01011111100011011010111011110100
01011111110110000100100000001101
01011111111010010000000010100111
01011111111010111101011111101011
01011111111011001111010100011111
01100000010000001100100000110110
01100000011000110011011010000111
01100000100001100001110010011111
01100000101111010010101000101110
01100000111111010001011011001001
01100001010001111011000110010001
01100001010011110011011110010001
01100001010111000111111000010001
01100001100111011100011011110101
01100001111011101000011001010010
01100010111001010000101010110110
01100011000000001011111100011110
01100011000010110010011111101000
01100011011000000011110001110101
01100011101100101010101111110100
01100100100111011111010111111001
01100100101000110101001000100010
01100100110000010110010110101010
01100101000000001010101000111000
01100101001001110111010011101110
01100101111100110100111101100100
01100110000011000001100011000010
01100110011011100011100011011001
01100110011110000100000111010111
01100110111100000000100101000000
01100111101101111001011101011011
01101000100001111000111110101100
01101000101110001010110111111010
01101000110111000101011111010001
01101000111000101010111100010001
01101001111000110101001111111100
01101001111101011100100111111000
01101010001110011111000100010100
01101010010000101001010001101101
01101010010011000011101001101000
01101011011001010001100001010011
01101011011111110000010100011111
01101100000100010101100000110010
01101100001001100110000111011011
01101100010100000001011011000101
01101100100001011011001110100100
01101100101110011111100110011101
01101100110000001101110001100011
01101100111010010000011011100101
01101101000100101100010000111000
01101101001000100100100010010000
01101101001100110100000111010011
01101101010010100001100110101100
01101101010100110010011010111001
01101101100100011111001110100111
01101101100111111000011000111011
01101101110100101001110010001001
01101101111011011011100110100111
01101110000101010010000001010100
01101110010100011111000010101000
01101110101001001001000100000010
01101110110011110110100101000000
01101110111010100100010101111010
01101110111011101000111011010010
01101110111101111000110000110010
01101111000010011100101010011110
01101111011110100001001100000100
01110000011001010001110001010100
01110000101101111000010000011000
01110000110000011000101011011011
01110001100101111110100110111011
01110001101011101111010000111100
01110001110101011010010000100000
01110010010000000101111011001101
01110010011110001011001100110001
01110010011110100011100101010110
01110010101010100110001011100101
01110010110001001110111010001010
01110010110101110101001001010001
01110011000010100111011110000010
01110011100100001011101011111001
01110011101000010111111101110111
01110011110010001001001011111000
01110011110101110001000100000101
01110100011011001100101101111000
01110101000101001001110100101111
01110101001010101111101111110100
01110101001100000011001110001111
01110101111001000111101110100101
01110110001010000111000010000001
01110110001010100110010110000000
01110110011100101011010010100110
01110110101010010000011101011101
01110110110011000100010100100010
01110110111110111010000001011000
01110111000101011001111110001010
01110111000110010100011110100110
01110111010111100111001101010000
01110111100111000101101010110110
01110111101111011001010111000000
01111000010100011111111010000001
01111000011011010000110001011101
01111000100000001100001010011111
01111000110110110001011100000011
01111001001100100110011010110010
01111001010110101100000101110101
01111001011110000100100100111110
01111001100000001000001001111100
01111001100010110000000001110100
01111001110111010100011011001000
01111001111110001100001100100000
01111010001111010001110111111101
01111010011001101001101101010110
01111011001000101000100010001111
01111011010010111100011110110100
01111011100011101011010011001100
01111011100110000000110011001001
01111011101001001100001111110100
01111100010000110100000001101011
01111100101011101010010001101001
01111100111110110011010100010100
01111101000011000011101000100000
01111101001101001101100011000000
01111101001110010100011001011101
01111101100000101001100000001111
01111101111111111010001100100011
01111110000111001011110100101111
01111110001111010010111111000100
01111110010110011010011001000111
01111110101111101100010101010110
01111111001101100101000101111110
10000000010010001011100110110100
10000000011111000000101001111111
10000001010011011100010010111100
10000001011010011100000101001100
10000001100001001110110111010100
10000001111001010110010010010111
10000010101101110010111001110001
10000010110100100000100111110111
10000010111101000110000000101110
10000011010100010011000111000000
10000100000110011111011110111101
10000100010010010011110110011000
10000100010011001011011000100110
10000100011100100001101110010110
10000100100011110010111001010010
10000100100110101001010000010110
10000100101001000001001101100011
10000100101010011001011110110110
10000100101010100000010011010111
10000101001001010111010111111100
10000101001010001001011110000100
10000101010100110100110001010011
10000101011001101001101000011111
10000101101110011100001111110001
10000110101111100011001000011101
10000110110000001110001100100010
10000110111011111010011011001100
10000111001001110000010101010110
10000111101110101100011111011111
10001000000011110011011110000100
10001000101000000101111111000010
10001001100000101000001110111101
10001001100011001000010100110000
10001001101001011010000010000100
10001001101011011100010100000110
10001001110011101101011001111110
10001010001101000010010110100111
10001010011111010111000110011110
10001010110111110001011011101101
10001011101011010111110011010001
10001101000101111111111011100001
10001101101000001101100000111010
10001110001000010100100111010011
10001110100101100100101010001101
10001110100110000101000011010110
10001110101100110101000100001110
10001110110110111010010111110110
10001111010011000010110010000111
10001111010101100100100101000000
10001111110011001001100001100001
10001111110110011011001010101000
10001111111010000110101011110111
10010000110000101010100000111111
10010001000011001110011111000101
10010001001000110000101111001111
10010001010101001111010111100111
10010001101101110100100111010011
10010001110101001111011110111101
10010010011000010101011011100110
10010010101110101110110010111011
10010010110010110101010111000110
10010011001111010100110011111011
10010011010100100001101100001001
10010011100000110000001010110111
10010100011100100000111101010110
10010101000011001100101100001101
10010101001100000101010101000101
10010101010100010101101010010100
10010101011100111111001111101001
10010101101010000110000000110001
10010101101100001101101001011110
10010110001000001010001100010101
10010110001000001111100011000010
10010110011001011011001110000110
10010110011101101101011100010100
10010110101100100100000110001110
10010110111110110001010100101110
10010111011011100110011010110000
10010111011101101110000100001101
10010111110010100000111111110011
10011000000000111100110111010000
10011000000110011111001011010011
10011000010100101101101011011101
10011000011001111011001110010000
10011001000011010011011010011011
10011001001001111101010101011010
10011001110111011111001001010000
10011001111000110001011001110110
10011010000101100011010011110001
10011010010110000111011001011101
10011010100011100011000000110110
10011010101000000110101101001001
10011010110101011101001111110100
10011010111010100101000001101011
10011011000110001100110110100100
10011011010100101101101101001000
10011011101101011001100010010111
10011011111001010101101111101101
10011100101000110010010011111100
10011100110100011011010011001010
10011100111011110001110101110000
10011100111101011000000011101010
10011101000000111001011011000010
10011101010000101100010001111110
10011101010101101011001001001001
10011101100001101000100100010100
10011101100010000110011100111011
10011101110011010011111110100011
10011110110001011001100001110110
10011110110010100000101110101101
10011110111011010101000000010010
10011111001001010011101011100011
10011111010001001110011111000111
10011111011100111010100000101101
10011111111010010010100111100101
10011111111111011011110101100111
10100000000101001111111010000001
10100000001100000010101101001111
10100000001100010101110101011111
10100000001111101111010001001100
10100000100101011101111001111110
10100001010001110010110110011001
10100001011101100000010101010111
10100001100100010010100011000000
10100001101000101001101001000110
10100001101100001001010000010100
10100010110001010111010111010010
10100010110011001101001101101100
10100011001010001011110100011110
10100011010000110111110101111010
10100011010001000110001000011000
10100011111001101101100001100111
10100100000101001011110010011101
10100100001110011110000001101001
10100100100010010010010100111000
10100100100010011111100001010000
10100101010110011100101101100100
10100101011100110110100000010111
10100101101110100111010100110111
10100101110010010011100001011001
10100101111000010111111010011011
10100110010011001010111100011001
10100110011010010000111010111100
10100110100101111000101111011101
10100110101001000100110001000101
10100110111100001100010011110110
10100110111110001110100000110100
10100111001110000000000101011110
10100111110010101000101000101000
10100111111111000100000100100010
10101000001101001110101101110010
10101001100010011011111010110110
10101010010010101100001010010001
10101010011011010101010011110100
10101010100011101111101011111111
10101011000101011001110100011010
10101011000110001100000110110100
10101011101000110111100011001100
10101100000111000010011011000110
10101101000101011111110000111011
10101101100111001100100111100101
10101101111010110111011111001011
10101110010100111001011110000101
10101110100111011110000110011000
10101110111011010101101000100101
10101111011000100110000001010011
10101111011100010101110011001000
10101111110101011111100000001000
10110000000001001010100010110010
10110000001011110101001010001110
10110000001110010010001000000110
10110000010000101101000101001110
10110000011111010100000011111110
10110000100101000000111100001100
10110000101000011011110110010010
10110001001100000011110101101101
10110001010011000011000010100111
10110001011000000110000011010000
10110001100001101110100001101000
10110001101100101011011111001001
10110001110000101111100010110110
10110001110001001001101001010011
10110001110100000111010010111111
10110011001011111010010111010101
10110011010101000010011001011011
10110011011000010010111111101110
10110011011111010001010010110000
10110011101010001000011011101000
10110011101010010001101101110101
10110011111001011000101011110011
10110011111010111011010011010101
10110100000001011100010001001100
10110100001011101100001111110101
10110100010011001110110000111101
10110100010111110100110100111011
10110100100101100100111010101111
10110100101000011010101001100110
10110101001001001000011010011001
10110101011010101011101100011011
10110101100001010010011010010111
10110101100010100101001001000111
10110101101000110011000000101000
10110110001010011000101111100010
10110110001101000000101000100001
10110110100010001010010101100010
10110110100010101110101100110110
10110110100101111101110010111010
10110110100110110100110001010101
10110110110110011001110110100111
10110110111010001001001000001101
10110111001000110010111000100110
10110111100100101100110000111001
10110111100101111101011110011010
10110111110000100101110100110100
10110111110011010101000011001110
10110111111101000100100100100101
10110111111111111010110000100011
10111000010111000001111011010100
10111000011100001001000100111001
10111001011000100100000101010011
10111001110101011000101110010111
10111001111100111111101011100111
10111010000000100011111111000010
10111010000000110101110011100010
10111010001110001100111100111110
10111010011100101001000010011001
10111010100000111001110000011110
10111011000110101101010011001010
10111011001001101001100000101111
10111011001101000101000000011101
10111011110000001010001111111001
10111100000110110000001011001011
10111100010010000110011101100110
10111100101010100101000001000100
10111100110000100101011110001000
10111101001111010101010001000101
10111101010110010100011011000000
10111101100000001000100110001011
10111101100010000000110010100110
10111101101010010100111111100110
10111101101111010000101000010000
10111101111110001110011110110000
10111110110011110100110110001101
10111110111111001110011111000001
10111111010001100100010100110110
10111111010010010111000010010110
10111111101011110001011100100010
10111111101110010100000001101010
11000000100000100001010110100011
11000000111110010101111010110000
11000001000010110101110111101000
11000001001011000111100111001001
11000001010111000001111000011100
11000001011000001111011110011011
11000001100111100101011110000101
11000001110000001110110100000000
11000001110001100101010010010110
11000001110111010110000111001010
11000001111000101101010001101110
11000010010101111100101101010101
11000010011001011110100101000011
11000010101100000111110010000011
11000011000110100111001100011011
11000011001000110100010111110111
11000100000100001010110010010010
11000100011000100100010010011001
11000100011111001101000000011010
11000100100010010010001111101111
11000100100010111110101111000101
11000101000111010001001110011001
11000101101111101110111101101100
11000110010111111100111010000111
11000110100000010011100110010101
11000111010001011101100000010111
11000111010011111001101110111010
11000111101100100111011011001000
11001000011000110111011110101010
11001000101010010001001000011101
11001000110000101000001010010001
11001000111010000001111101010101
11001000111010110000001001011111
11001001011011101011001011000110
11001001011111001101111100010001
11001001100100000000111001011001
11001001101011110011101100010001
11001001101101000000110011011110
11001010000000010111011110101110
11001010011101110011011010010100
11001010101110110111111111010001
11001010101111000110101011000000
11001010111001001101100000010101
11001010111101101110000100110100
11001011000011011101011101111011
11001011000101100100111000011101
11001011001001011110111010010101
11001011101100101101001001101000
11001011110101010010000001110010
11001100000011010110100011111000
11001100011010001110111010010001
11001100011010100011011100001000
11001100110111010001000000111001
11001100111011101001110111001101
11001101001100101011111111101001
11001101010011111110110110111000
11001101100110011101110111111111
11001101110001010100000111001101
11001110000000101011110111100101
11001110000100101100100001101100
11001110010000100101110100100101
11001110101001010010001011100111
11001110111001100001100101000101
11001110111100011111001001001001
11001111010010000111011100011111
11001111010111010101100000101100
11001111101001001101001011010110
11001111111111101100110000110000
11010000000010001100001110110101
11010000011001001001011001001110
11010000100000100100011111101001
11010000110011111000011101111000
11010000111010000111111111010110
11010010000001001000001010110001
11010010000010011110010010110001
11010010100100011110001100000111
11010010101011101111000100011111
11010010110110001000001001101111
11010010110111010110000000100110
11010011000100110101000001100001
11010011011110000110000101011010
11010011111000010110010111110011
11010011111011000111001011101110
11010011111111110010000101110101
11010100001000001100111000111011
11010100010010101100000001110001
11010100011011100100011000111110
11010100101001110101000110011100
11010100110010011001100111101000
11010100110100001001101101001100
11010100111001001011000010100001
11010101011000101101001011101100
11010101011011000010110101001111
11010101100001010100010101010010
11010101100011110011011001011110
11010101110000000011101011001111
11010110000100100100110010100011
11010110000111000111010110000001
11010110010011111100011111010011
11010110010111010100000010110100
11010110110101100001011011110000
11010110110110010010101000111110
11010110110111001100010110010101
11010111110000011011001010000101
11010111111111100110001001100110
11011000001110101101111100000100
11011000100101010011010010101101
11011000101101001101000000110111
11011001001110110000100001001011
11011001010010010100101011110110
11011011000101000001100010100000
11011011110111001110001111001000
11011100000001001010000110001110
11011100000010001110000000111011
11011100000110000001100101100010
11011100011010101000101000100010
11011100101101110110010000111100
11011100101110011001010011010010
11011101010101001011100101011101
11011101011111011101110110001101
11011101101100000100011100000001
11011110011111011000101010101101
11011110100101101110001000100011
11011110111111011000101110110000
11011111011011001011101010101101
11100000001111000110100110000111
11100000011011111100001011101110
11100000100011000001111110101101
11100000110110111001011000011011
11100001000100010111110011010010
11100001011000010111101101101000
11100001100000001101000011010101
11100001101001011101111000001110
11100001101100011100110001100000
11100001110101010000111011101001
11100010011011001010100011111100
11100010101011100111000101111011
11100011001111010001111101111111
11100011100010110001001110001001
11100011101111111001101000110011
11100011110100110010101000010011
11100011111110011111010000100101
11100100001001101111100001010110
11100100011011111001010111111100
11100100011110001111001100000111
11100100100011110111101000010011
11100100101101110111101101010001
11100100110010010000010011110001
11100101011000011010001010000001
11100101101010111010101101011111
11100110000100011111110101111010
11100110000111110000000110001011
11100110010101010100111101111110
11100110101000000000000111110010
11100111101010001010011101001011
11100111111110010101001001010000
11101001001010110110011101010001
11101001001010111000110001000111
11101001110101110111000001111101
11101010001011111111011000010001
11101010101100011011011111111010
11101010110010000110000010110001
11101011000110110010111111111001
11101011011110000111100000110110
11101011110010110100110100110000
11101011110111111010101110011000
11101100100110101100111011110010
11101101000101110100000100011010
11101101000110100000101111011110
11101101001101011000100100100001
11101101001111111000001000110110
11101110011110100110001000010000
11101111000010101000111011110100
11101111100011111001000001000110
11101111100100011010110000101010
11110000000100010101000011111000
11110000001000011111110001111001
11110000011000101000111000100001
11110000100000010010110100000010
11110000100101100010010101111011
11110000100111000001011111111110
11110000111111010000111000001010
11110001001010101001010000111100
11110001001101111100001111110011
11110001010000111110010111101010
11110001111101100101011110101111
11110010011101101110001010010001
11110010100010011101111011011011
11110010101111110111110101011011
11110010110010111100110111010110
11110011001001000011111000111100
11110011010010110001101000111111
11110011011100000010000110010010
11110011011111111001110010111100
11110011101001000101110111011010
11110011110110000001101100101110
11110100010000010101101001110100
11110100101101010011000000011110
11110101001000111110111110100101
11110101001011111010001101000001
11110101100010101110100010100010
11110101101001101001001100010001
11110110000100110001111000001010
11110110000100111011100011010111
11110110010001010000110100100101
11110110010101010111111000110111
11110110100010010001010100001001
11110110100110011111001110101000
11110110101101000011000111111110
11110110110110111100000100111010
11110110111001101100001110101000
11110111000001001110100001101110
11110111000001010111111100111110
11110111001010100010110000111100
11110111010000100100001011101100
11110111110001010111101101010001
11111000010101100001010110101101
11111000011010110001011010001001
11111000100000101101101100000100
11111000101001010110000011100111
11111000111111010100001010010011
11111001001110100111000001000111
11111001101011000100011100110011
11111001110011101111000101011101
11111001111100100001011101000011
11111001111110000110010100110001
11111010010100001011011101111000
11111010011000001010011111010000
11111010100111001110100001010100
11111010101011000100101111100001
11111010110110111010011011000010
11111010111110110000000001111101
11111011000001100001110101010101
11111011000100000100000100001001
11111011000111101011001111000011
11111011010010101011101001001011
11111011110001101111001110010000
11111100000101111111101000111100
11111100011110011001001100110001
11111100101011100100110111110111
11111100101100101001110100100000
11111100101111001010011100111111
11111100111000010111101010111001
11111100111101110111111110110000
11111101001011000010001000100110
11111101101100110101100010110010
11111101110100111100100110110100
11111110000101000011010111101001
11111110000110001001001111011010
11111110010110100010101001110001
11111110100000101111001000110000
11111110101001011101000000100110
11111110111001110010000001000111
11111111000001000010101111111101
11111111000110001110001110110011
11111111100000101101111111010100