00000000010111111101100000000101
00000000011001100111001010010111
00000000101111011100001101010001
00000000110111001000001000100010
00000001010011110010000111011100
00000001011101000011000001111111
00000001110101101000101101100111
00000001110110100100110111010110
00000011010001111101110001111101
00000011110101011110001110100010
00000100100111000001001010110000
00000100101000011000100001100011
00000100110000111000001100010110
00000101001001010001000111101100
00000101001001100111001101101010
00000101111000010010000111110000
00000110000011000100111011000000
00000110001100011001000100100110
00000110001111110010011010111101
00000110100101001010110010000001
00000110110100110100111101110100
00000110111100101000001101101011
00000111001001000100101101000101
00000111001010001011010000100101
00000111100110000010110001110000
00000111101001110100111100100100
00000111110111011100111000010110
00000111111011000110010110101101
00001000011001000101000101101110
00001000110011010111010110011000
00001000110011100000100100111100
00001000111001000011101100001110
00001001011111100010001010101000
00001001101101000111100110101011
00001001110101010110010111001101
00001001110101101001111101011000
00001010000100000010110010011000
00001010011100101110101010100101
00001010100010000111010100010100
00001010100101000000111001010011
00001010100111010101010000100001
00001011110110101000101101000000
00001100100001110110101101101100
00001100100100000110011101100000
00001100100110100011011010111111
00001100101101000011001001011011
00001100111011110101101100000010
00001101001011001010000101010111
00001101110101001101000010110011
00001110000011000110010110100101
00001110000101011010001010011100
00001110011010001001100111010001
00001110100100011100101110011001
00001111011011101011011000011111
00001111100100001001100101101001
00001111100100100110110101101010
00001111111011101101010100111000
00010000001010110001100110010100
00010000100111100000111100110101
00010000110111001100110011111100
00010000111010100011000011010001
00010001010100010110111111010010
00010001011110001110000101111111
00010001110111001011101101111001
00010010000101000000011111000001
00010010111010010001010010001001
00010011000110111100111110100010
00010011001000010110101010000101
00010011011110111111000111001101
00010011100111100001000011110110
00010011101000010111000110011100
00010011101101100001010110000011
00010011101111101110010101101011
00010100011010010011100001011011
00010100100011100111010000100110
00010100110110101101110110101111
00010100111001010011010010010100
00010100111100010100001101101100
00010101011111100011100001001111
00010101100010001011101111011001
00010101100111001100010010101011
00010101101110110001100111111001
00010110000011111100000111000001
00010110010001010111000110101011
00010110011001101100010001010001
00010110101001111100011011001110
00010110101010110001001100101111
00010110101100011100110011011010
00010110111011110000101010000100
00010110111111110011000101001010
00010111001101010011101011111001
00010111001110100111011000100101
00010111100110101011110101111010
00011000001010001001000010100000
00011000010100110111110000101100
00011000100100000100001011011011
00011001001000111111010011010101
00011001011000010100101000100111
00011001111011110110000010010100
00011010100111111001010010111110
00011011001001001011101000000101
00011011011001010101101011101000
00011011101101000010100111101101
00011011110010101111101110000001
00011011110101110110111010100011
00011100011001111100101010110110
00011100011010111000000001100101
00011100100000110000111110000101
00011100110000001011011110000111
00011101010000110001100000011111
00011101101101010010010111101011
00011110010011010100100100110010
00011110111000101101100110001010
00011111001000000011110001110100
00011111001111010110011100011111
00011111101000111101111011101000
00100000001001011100000101010010
00100000110111011010100101000011
00100000111000111111100101001100
00100000111001100000000010010100
00100001000101101101011111011110
00100001001010001010111001100010
00100001011110011010001011010101
00100001101111010101010100001101
00100001110001111110011010110100
00100001111110111010010001000100
00100001111111101100000100010111
00100010011000110100110111111001
00100010101011101110011001100101
00100010111100010100101010001011
00100011000001100111010001110010
00100011001010100010100110001011
00100011010010111101010111001001
00100011011111001011111000111011
00100011110111111101110101111000
00100100000100110000110000011010
00100101010011000110111111001000
00100101011101001100110000011100
00100101011111111100011001001111
00100101100110100000100001110011
00100101110011110100110101010001
00100101110111011101001011001000
00100101111000101111011010010010
00100101111111110011000101001111
00100110010000001111100001011110
00100110010011010100010100001001
00100111100100001110000001110010
00100111100111001001001100110111
00100111101100001100011110001111
00100111111110001101010000001111
00101000010110010011110000000011
00101000011100100110011111010110
00101000100000100101011100001001
00101000101101111110000111000000
00101000111010000011001001000100
00101000111110011110100100111110
00101001000000000010101110010010
00101001001111001010011101111100
00101001100000101101101010111111
00101001110100001111000001111110
00101001110110111001101011000001
00101010010100000110100011101010
00101010010110100111110011101110
00101010100000010100111101000111
00101010110010110110000101010111
00101010110011100100101111001111
00101010110100010010011001011100
00101011000001111011000011101010
00101011001101010110101110110101
00101011010000110000111000010101
00101011011111101011101101000110
00101100000001100011111011110110
00101100010110000001110000001001
00101100101100011000111001010011
00101100110011000001111000110011
00101101000000001110010001101101
00101101000111100100000011111000
00101101100101100011100100000011
00101101110101000001101100111100
00101101111011111010001111111111
00101110011000000101010100010111
00101110011101000010111110011000
00101110101010101111000101111010
00101110101110011001000101111100
00101110101110011111011001010111
00101110111011101010001001010011
00101110111100000000110100101011
00101111010111111000000010010001
00101111011000111000011100110001
00101111011101101011110011111101
00101111100101011001001101010101
00101111111110111110111101111100
00110000011101100110110110111100
00110000100010010100110001010001
00110001000010111110011110111111
00110001001111110011011001111111
00110001011110010110000010011001
00110001100100111101101110111111
00110001110011010011001110010100
00110001110110000000111100000110
00110001111111001101011111100110
00110010001111001010101011000001
00110010110000101000010100001110
00110011010101011100010110010010
00110011101100110101001100000010
00110011111000110111110111111000
00110100011011011100001111010010
00110100100110100110100110111100
00110100100111001011010100001111
00110100110011010010110100101111
00110101110000111110010011010001
00110110000011010110101100001101
00110110000100001111100111110111
00110110001001011010101011010101
00110110001110000110010110100110
00110110010111011100100010000010
00110110011010001100000100001000
00110110100111111100100010011110
00110110110011000100010100100000
00110111001011001110110011100111
00110111010100110110110100001110
00111000000110001000110001000010
00111000001101111011101101010001
00111000100000010110111011111001
00111000110010000100011000000111
00111001101100011110110000100001
00111001101101000001001011101010
00111010100010101100100010000110
00111011000010100110000000000100
00111011100111110110110111000011
00111011110010000100101000100110
00111011110011101001010010010110
00111100100010100101100000011110
00111100100011101100111100110000
00111100111011100100100010011110
00111101010001001111000011101101
00111101010111011001010100111100
00111101100011110111101100000111
00111101100110101000010000000110
00111101100111010101001010001010
00111101111110110001101001101101
00111110010111110010111011101101
00111110100011111000100001101110
00111110111101110110110001011101
00111110111110011111010101011101
00111111001011010010011101100001
00111111001101101110101011111100
00111111010001110110100101000111
00111111010111010000100011001011
00111111111001010000111110101111
01000000011000000100000000000010
01000000110000011101010110110011
01000000111101010111110001001001
01000001100011001101010101111000
01000001101100010111110001101110
01000010001000111111001001010101
01000010001011001111001111001101
01000010001011011010111101101110
01000010001100100110111001110000
01000010001110111011101101110111
01000010010011110110100111111010
01000010010100111010110100110011
01000010011100011000011111011101
01000010011100101100111100111111
01000010100001000011011010100011
01000010100111101111010111011001
01000010111111010100001000000110
01000011010011101100001110110100
01000011011101011001100011010110
01000011100000100101101111110011
01000011110010000000010111011101
01000011111000000010010001010110
01000100100011011001010011011000
01000100110101011001100010001001
01000100111011111111010010100100
01000101000101001111001100011001
01000101001001000001001101001001
01000101001100010001110101000011
01000101011000011101011101010111
01000110100101100110111111010000
01000110101110110100010010100100
01000110101111101001000000111010
01000111000001110101111110000011
01000111000110000110011011011111
01000111100011010011000001101011
01000111100111011000000000111110
01000111101101100100101010111101
01000111111000100110010001010111
01000111111100100011101101001011
01000111111110011111111101001110
01001000010101100100101110001101
01001000011000001100010011101101
01001000101010100110101001111110
01001001100111101101110100111001
01001001110110001110010010000001
01001010010000011100010001110111
01001010011001011110101111101110
01001010110111111011101111010101
01001010111001101010010111001001
01001011000000101000110111001101
01001011000001011000010000100110
01001011100101011111001000000101
01001011100110111010110100110101
01001011101011001011110110000101
01001011110100010101100100111011
01001100000100100110000010100100
01001100010001010100011000110001
01001101000011001100011000101111
01001101011000010001111100100001
01001101101100010100011001111111
01001101101101001101101010000111
01001110001011010010011000000110
01001110100001110101001111011011
01001110110110001111101010011100
01001111010111111111000111101100
01001111011010101010111011101100
01001111100101011000011110111111
01001111101011110110010000000011
01001111110100001111100101111110
01010000000011011110000010101010
01010000000110101000001101100110
01010000001111001010111110111111
01010000010101010110011100110101
01010000011001111000110011010001
01010001010011000000001011001100
01010001010110110100011101111111
01010001010110111001011100111111
01010001101011100111100000000001
01010001101101011001110111111101
01010010001001110001011101000101
01010010100101010010110101010001
01010010101010100110101001111000
01010010101110000001101111111010
01010011100011011011001111001101
01010011111000000000100111011000
01010011111110000111001001001001
01010100000100000011101100011101
01010100101000111001111011000001
01010101100000000111110011111001
01010101101000110010001001111101
01010101101001101000010010100111
01010101101001111010110011010110
01010101101101000111110101001000
01010110001010111001011010010100
01010110001101111011110010100011
01010110011000011010111001101001
01010110100101110101000001101100
01010110101001011011011011100111
01010110101111100011101010000001
01010110111110100001010110011001
01010111011101001011000101101010
01010111100010101001100111101100
01010111111010011101101100100100
01011000000111011010100000111001
01011000001100010111100010001100
01011000010101100011001101101101
01011000010111110010010000001110
01011000011110101110001000111010
01011000100001011110011001111001
01011000100110000110110010011010
01011000110111100010010011110111
01011001000011010010110011001001
01011001001001111110011010101000
01011001101100111100010100000101
01011001101110101111100010001011
01011010000100101111010000111011
01011010010000101011101110111010
01011010010111101011000000100101
01011010110100111100011101001110
01011011010001111011001001110001
01011011011001101101000100111101
01011011111001010100100011110001
01011011111001111011010111001100
01011100000110011000000110100100
01011100010100011111010011111111
01011100011101100110111111000000
01011100100010100101010110101000
01011100101101001110100010001001
01011100111001010010010111110110
01011101100110110011001110100000
01011101111110111001110110111101
01011110101011110110100101101111
01011111000111111010100001001011
01011111001001000100110010110010
01011111010011100101100010110000
01011111100100100000010101100110
01100000001100011010010000001010
01100000010001000110100110111111
01100000111100000101000101000100
01100001000000010110111110100000
01100001000101010110001000000011
01100001001000000011010100100001
01100001001010111100011101111001
01100001100101001110110100001010
01100001101011000000101101011110
01100001101111010001101000101010
01100001110010000001101101001110
01100001111101010100110000010101
01100010000011010111110111001110
01100010011111000001010111000001
01100010110100110101011111101011
01100010111101111010110110111110
01100011000010110011001101100111
01100011000011100111001110101010
01100011011011101010011100100001
01100011100100000101000001100000
01100011110001010111101110100100
01100011111000101100000000101100
01100011111100011011100000011000
01100100110111111000101001100000
01100101101100001011010001110001
01100101111000111010011101001011
01100110001101011000000011100110
01100110010000101000110010010001
01100110101001011110101000000001
01100111000000010010100110010010
01100111000100010101001000000011
01100111100111000110000011010111
01101000100001101101100100111101
01101000100110111110000110001100
01101000110001011111010100100100
01101000111001100011100100100001
01101001001000001010001101111010
01101001101100000010001001100111
01101010010000101101010011001100
01101011010110001110001010000100
01101011011101000110110110100000
01101011011111110000100111111111
01101011111100110010111010100111
01101100110111100001100010011101
01101100111000101010111111001001
01101101000111010010010000100001
01101110101001000111100111101110
01101110101011100100000010101000
01101111000010010000010001100111
01101111000110000101110101010010
01101111001100010010111100100100
01101111011011001001100000111100
01101111101110101101110001011101
01110000100110101000101100010100
01110000111011111010001001101010
01110000111100011100110000011100
01110001011001110100011010111111
01110001101100100110101111111000
01110001101111010110100010001101
01110001110100101101000000000100
01110001111110000000110000010000
01110010001001011110111010101011
01110010001110001000000000010111
01110010110011010100010101100111
01110011000100111011011000000111
01110011011101000110100000001000
01110011011111010100010000110111
01110011100011111000000001100001
01110011101110010111111001100001
01110011111001001101011101110100
01110011111011100010101000001001
01110101000100000100000011001010
01110101001000111000010000100010
01110101001111100011001010000011
01110101010011111111101000011110
01110110011010010101001010110010
01110110101000001111110000100000
01110110101011110001100000001111
01110110111111011000011101011110
01110111011001100110111100011001
01110111011111011011100001110000
01110111101110110000110110111000
01110111110011101000101000110100
01110111111011111111101111110111
01110111111101000101101010100110
01111000001100111101000100101111
01111000010000001010000100110001
01111000010100010010011010010101
01111000101010001000100111111000
01111000101011010001010111011111
01111000111010011010100111011101
01111001011010111000111101110000
01111010000001010101011000101010
01111010000001101101000001011110
01111010001010001101100011001110
01111010010000111100010011011110
01111010011000001111010100110100
01111010011011001101000101001001
01111011001101100111000010001000
01111011010010011100100011110001
01111011010101011101100000010101
01111011100110010110010110111010
01111100001101111001001001001011
01111100011000010111001000000111
01111100110011111111011110001001
01111100110101010101101001001110
01111100111001010000111001100000
01111101011011011101010111100001
01111101110001100110101010111101
01111111001010101001011111011001
01111111010111101000101111101000
01111111101111101100110100001101
01111111110111110000011001001010
10000000000001011010000001000011
10000000011000110101101011001110
10000000111010101001101000110000
10000001000110011100000110110101
10000001011101111001011010001100
10000001101111000001000001110101
10000001110010000101011000000101
10000001111101110011000010101000
10000001111111110000100010010100
10000010001111010111001011110111
10000010100110001011011110110011
10000010101110111110001011001110
10000011011001000110000001101111
10000011100111011100101011101100
10000011101111010000010011100100
10000011110100011100011011001000
10000011111010100101001011011100
10000011111010110101110001110000
10000100000101100100001111101001
10000100001101111100010000011001
10000100101001001000000010000111
10000101000100000110100001110001
10000101000100110001110000001111
10000101010101101011101110110000
10000101100110111011100001010111
10000101101000011001110010010110
10000101110000000100100100010100
10000101110001010111110001010011
10000110101110000011010000010010
10000111000010010100101000101010
10000111001010111000101111100001
10000111010010011101110100000111
10000111011001101111100001100101
10000111011100001110010010101010
10000111111001100000001100010100
10001000010010100110110011010011
10001000110110010101111000111110
10001001001001111100010110111110
10001001010010010111111010010010
10001001010101110110110111100110
10001001010111000001000011101101
10001001100010000111001010111111
10001010010011001010001010001000
10001010011011011100001010010110
10001010110000010011010010111100
10001010110011100010100111011010
10001010111001100110011111001001
10001011001000111111110011100110
10001011011011000111000001000011
10001011101010010100010010100101
10001011101010100100001101011110
10001011110110010010000001011110
10001100100100011010011101111100
10001101000100101000000000000101
10001101010111101111001011011101
10001101011001000111010110000000
10001101011110111001110010000000
10001101110000101111111011011000
10001110010011101011000100100010
10001110101110100111110000001000
10001110111100111111011010010111
10001111000100011111101111010100
10001111010100111001100111100000
10001111100100000010001001100001
10010000000000100101011001100110
10010000010000010011000010100000
10010000011010111101001101101011
10010000011100110000001100001100
10010000101111001101000100001111
10010000110000101011010011000011
10010000111000101000101011100110
10010001011000111110010110011010
10010001111000011001100110101111
10010001111011111000110110101111
10010001111110100000100011101111
10010010001001111010001011101011
10010010101110110001111101000000
10010010110000000100011000011110
10010010111000101000111101001011
10010011001101001011011010001001
10010011100001010010100001000110
10010011111011011001111101010010
10010100001000001000010101111010
10010101001000101010100100100001
10010101010001010001000010110010
10010101011000011101011101100110
10010101011110000110001110101011
10010101110100111101101011101101
10010110011010101001001011010101
10010110011011000101110001000001
10010110011111110010010100101101
10010110100000010000011111100010
10010111000001000111010001010101
10010111001011111110101101010100
10010111001100111101100001000000
10010111110011001010111101100000
10010111111000000100100100100011
10011001001101101101110000001010
10011001010001011110110000110100
10011010100001110110011000011011
10011010100010110011010100111111
10011010100101001111010010100000
10011010110000010101101101000111
10011010111000000000100010101110
10011011011001010001110110011100
10011011011001100000011000000001
10011011100001110110000100100101
10011011101010111011011011010110
10011011110001100010111110001001
10011100001110101101101001101111
10011100010011100110010010000001
10011100111000000110000000110010
10011101000010011010010111010101
10011101001100000100001101110101
10011101001111011001110011011010
10011101011111111110111000100100
10011101100011000011010011100010
10011101100101100011111010000011
10011110001110101001011001001010
10011110011010001010111110010111
10011110011111011011111001011111
10011110101110010110000001111011
10011110110101010100101111110000
10011110111101110000111000011001
10011111000010001011001010111001
10011111000101111110101111000010
10011111001100101000010000001101
10011111011010001010001111010011
10011111011011101000001101100001
10011111101011011101011010010000
10011111101111010001010100101010
10011111110010010000000001110011
10100000000111111101101011011111
10100000001111010010010110000010
10100000010011001111000011100100
10100000011010001101010111111001
10100000101000000010110101000110
10100000101100000001001101010010
10100000110110100011010001101011
10100000111011000110000010101000
10100001001001111011001101001111
10100001001110101111111101001010
10100001010100111001011010111101
10100001011001010011110110011011
10100001011011111000100001110001
10100001100001001011101101110100
10100001110010100000011101001110
10100001110110011101100100011010
10100001111001011001000110010010
10100010010011000111111001110100
10100010100101100100001000110110
10100010101101010000111001110101
10100011000100000100001011101110
10100011001010000110110011001100
10100011001101111111010110110010
10100100010100011001001111011000
10100100011001100111011100000110
10100100100110001110001101111110
10100100101101001010101101011100
10100101000010110111010100001001
10100110000111110110001010010110
10100110001110011110000001111010
10100110011110011011000111011111
10100110100111001010101101000010
10100111000011010011001000001111
10100111000100100010010011110100
10100111010101101000100111001101
10100111100001001110000001001001
10100111101100010011000001100110
10101000000010101101110000000000
10101000100010001000110100110101
10101000101010111001001011111111
10101000110001110011011011011101
10101000111101110110011100001110
10101001001001001011110111101101
10101001100101111010001010111010
10101001100101111100011100001010
10101001101010010011111010100110
10101001111100110011010101101011
10101010000001110100001101000101
10101010000011101101100101110101
10101010111100000000011010111000
10101011000001001001100010110001
10101011100110010001100100001000
10101011100111010101100001010100
10101100111101010110101111111100
10101101010001111111010000111100
10101101010111000010110110001111
10101101100111111110011110010100
10101101101100100000101111110111
10101101111000111000011000101100
10101110000101111110110000000101
10101110001111010111001100110101
10101110101011001011010010001111
10101110101101101000011000111001
10101110111111010101101011001101
10101111000011011110011001100011
10101111010100100011111111010010
10101111100000000101110111101010
10110000000011101001100000000101
10110000101000111100000000011111
10110000110110110000101000000000
10110001000111001001110001011110
10110001100011100110010010010101
10110001100110111110111111111100
10110001111011011000101010000000
10110010000010111101001000010001
10110010000100110110001011001100
10110010010100000110101010101000
10110010101010010101101001010101
10110011100010111001011000011111
10110011111011110010101111101010
10110100000001100100011000001011
10110100101110010101000011110010
10110100111000001011111100111100
10110101000101110110110111011100
10110101001010000100000010000000
10110101101010100100001001110100
10110101110001110010011110000100
10110101111101011101100111001111
10110110000100110101101001100010
10110110011000100100110011001100
10110110100010110110111010111011
10110111010100101111001101011101
10110111010101101101001101111011
10110111110010011101011011010011
10111000000011100001011110101111
10111000011011001110001001001111
10111000011011111000110100101000
10111000011101101101000001000101
10111001001101000111111011001100
10111001100010100001001000111011
10111001111001011000101100100100
10111010000000110001000110110010
10111010001001111000100101110010
10111010001011010011011000110110
10111010010010100111000111010110
10111010100001100101100000011010
10111010101011111101001101000100
10111010111111100100010011111111
10111011000001100000101111000010
10111011001110001010001011000100
10111011010100111100011100001001
10111011011100000010010010001101
10111011100110011101011110101100
10111011110111000000011110010000
10111100000001100010000001001100
10111100010110101110001101111001
10111100110000001111011110000001
10111101000100101111011010111001
10111101000101001100011010100000
10111101001110110101010000110110
10111101011001111101101100010011
10111101011100011100011000011111
10111101100001010100001001111010
10111101101001010100011101101001
10111101111010000101100011000111
10111101111010001110111100001011
10111110001100111011111011110111
10111111010001100100000010011101
10111111010100001011010010010011
10111111110100110010001111101010
10111111110111010110111111000100
10111111111110001100010000001000
10111111111110100010111101011011
10111111111111000111111010100011
11000000010100000111001010011101
11000000011000010101100010110000
11000000011000011101001111110011
11000000101011011001101111010011
11000000110000010011011101011011
11000000111010000110010000010101
11000001000100100101010010100011
11000001000110011001000001010001
11000001011010010101011100000010
11000001111011011100001110000000
11000010001101111110000111011100
11000011100011101111111111010001
11000011100110111111101011111010
11000011100111101000001111101000
11000100100101110011111100110100
11000100110000110001001101110010
11000100110110011100101100100101
11000100111011100101100011000101
11000101010011100000101000111000
11000101011001101111100010101111
11000101100011000010011010100101
11000110000010100011110000101111
11000111001010001000110011100011
11001000001011000001001001000100
11001000100110011100111101111011
11001000110011000110100110110010
11001000111100010100010111101001
11001001001111111100111100111100
11001001110100111011011100010010
11001001111011110111101110010011
11001010001011010101000010001111
11001010101110100110111001010110
11001011010111011010100111100010
11001011011001111110001011011000
11001011011010011111000001100111
11001011111110110010101100111001
11001100001000011110011111000110
11001100001000100101010000100101
11001100001000110111000110000111
11001100011001011001010000000101
11001100110011000100010011001001
11001101001101100010011000001111
11001101100100001111110110100110
11001101110100110011101100111100
11001101111101010001000010110000
11001110000011011110011111000001
11001110001010110110010010000111
11001110011000010111111011110110
11001111000000101000001000110011
11001111100101110001010000111111
11001111110101000000100011001011
11001111111011000011001101110100
11010000001001011111101100101100
11010000011100010100111100000010
11010000100110110010101011111110
11010000111100110010100111100011
11010001011001101001111011011000
11010001100100000000011010100111
11010001101001110000010100111010
11010001101111010100010001111001
11010001101111101010110101010100
11010001110111011000111100010001
11010010001000110110011111010101
11010010011110100010000001000000
11010010100111011110110101110010
11010010110010100100101010010011
11010010110111111101110011010111
11010010111010111110111001111111
11010011000001000101010000101111
11010011000011010110101011000001
11010011001011000101110001010001
11010011010001000010101010001000
11010011100010000000011011011110
11010011101001100000011001010100
11010011111110010111100111110011
11010100000010000011101100100100
11010100011111110011111000011011
11010100101011110100100000101100
11010101000100001111010001110011
11010101010111111001111110001000
11010101011000000001111010111001
11010101100011011110110010000011
11010110000001111100110000111101
11010110000011000011100011101011
11010110010010101110111100101010
11010110010011001111011100000111
11010110100100101101010001010010
11010110101100101000011011101000
11010110111000100000010000000000
11010111000101001111000000111011
11010111010011110011110011000110
11010111010110001100000000111011
11010111011000101110011011011011
11010111100010000011010001111100
11010111101011110010111011111000
11010111110111111110111101100001
11011000010111000010110001101110
11011001100111110011110010010000
11011010000100000011011011100100
11011010010000010111000000011101
11011010100001001110100111010011
11011010101000101101010101011100
11011010110010001111100011110010
11011011000010110101101100010010
11011011000110011000101000100000
11011011011011101101011111110010
11011011100011100100000011000100
11011011111110100110001001101011
11011100001101101101001111111101
11011100100001001001110010000011
11011100100011111001111100011100
11011100101011110111111010010011
11011100111001101100011001110110
11011101001111100010010011100001
11011101010101110011010100101111
11011101110000110011111110100011
11011101111000001110011110100010
11011101111100010111010001101000
11011110011011011111101011111000
11011110100001111001111110011101
11011111000010101100000101011011
11011111000011111100101101100100
11011111010110000101100100011111
11011111101001111111011011101011
11011111101100111100100111010011
11011111111011011111010101110010
11011111111100000000000101000000
11100000000100111100110011010100
11100000000101001000010111111001
11100000000111001010111100100001
11100000111001110001010011000010
11100001111001111010101100011010
11100001111011011000001011111001
11100010101000101101000101110001
11100010111111011101011011101110
11100011010001100010011011011011
11100011011001011101001101010010
11100011101000010100010010000111
11100011111001101010011111010110
11100100001110100010001110010011
11100100100001100100001110011010
11100100101001010010110001101101
11100100111101010100010011101101
11100101001001010010100011110111
11100101001010011111010000110010
11100101101000001001010110101000
11100101111011101000100010000101
11100110000000110110111111100011
11100110001000011001100010111101
11100110001101011011101010011000
11100110011011100010101000100111
11100110101010001111110110101011
11100110110111011101111101000110
11100111010011111100110000010011
11101000011010000100001011010111
11101000101001010100110001011000
11101000110011000001010110011010
11101001011000001001001111011101
11101001101101011000110011001101
11101001111101110101010100100001
11101010011001101110100101000011
11101010011011110100110011111110
11101010110000100011011101010000
11101011000001100110011100010100
11101011011010011111100100101011
11101100000000010111100111010000
11101100000001000010111101001101
11101101110000011001001111001011
11101101111100101001000110001101
11101110101111111011001010111011
11101111010000111001110110100000
11101111011000110010010000011010
11101111101000001111001001100111
11110000000111111001101111110100
11110000001100110100101001000101
11110000010100101110010101101011
11110000011000011010011011101101
11110000011110101100111000111111
11110000100001100101110100000000
11110000100100010000101011000101
11110000100111001011010101111100
11110000101011100101000011011010
11110001001101000001111001111101
11110001001111101101001110110100
11110010001011011001010100100010
11110011011011010110100010011000
11110011011100100100100001001001
11110011100001000000001001100001
11110011101110000101010010101110
11110011110111110100001000110100
11110011111000101010000100110010
11110011111011001111011100000010
11110100000100011111000110111010
11110100001001110111100110110001
11110100011011010101110100101100
11110100100000010101011111000000
11110100101101011101000100101110
11110100111101110101101111110100
11110101000010001001100101010010
11110101001100010101000101011010
11110101001110011100111100101000
11110101011011010011000001011000
11110101110010110101111001110011
11110110000000111000110000000101
11110110001101000101101110101011
11110110011001111101100011011101
11110110110001101011100001000100
11110111010111000110111010001011
11111000000110100100111110010001
11111000001110000110011000100100
11111000010100010000100001011101
11111000011011100101000111010011
11111000110011101110110010001010
11111001101011011110100000011100
11111001110000001001010111101011
11111010000110110110101011111010
11111010011110000111111111000010
11111010101100110100011110111000
11111010110010000000100000101101
11111010111000010000010111111111
11111011001000110001000011110011
11111011101110000000111001011100
11111100110010111000000010100000
11111101001111111110100001100000
11111101011100001100100110000011
11111101111001011010110010111110
11111110011001110101111110100001
11111110011110111110101001101010
11111110101101011001100111101010
11111111000101110011101111001001
11111111011010001011100100010111
11111111100111111110010111110000
11111111110000101001110001100110
11111111110110000101011011011101
11111111110111100001101001100000