00000000010001111001011010011011
00000000111001010000110000110011
00000001000010101001101110000110
00000001010000001011010111100100
00000001101101100110101000110111
00000001111101100011001010000011
00000010101110110110100111011001
00000011111110110011100110011110
00000100001001001000111110100101
00000100100010101100101011110110
00000100100101001100011000010011
00000100110111111000101001111001
00000100111000111001001101111001
00000101000000100100000001111101
00000101001101010011011100111001
00000101010001110100000000111010
00000101010110011000101001110000
00000101011001001100101010011111
00000101011111100010011001010011
00000101101111101010101101011001
00000101110110100100110010100000
00000110000101011101010111001001
00000110010011100010100010101000
00000110010101100011010111100111
00000110011100000010010101111110
00000110100111000100110100100110
00000111000011001101001000110111
00000111010100110101011110010010
00000111010111100010001101100101
00000111011000010010010010010101
00000111011011010010001101111011
00001000000011111011111001111000
00001000001010001100010111101001
00001000011011111010110111110110
00001000111010001001111001110110
00001000111010011000111011001011
00001001001110111100110001011010
00001001010000000111110010101001
00001001101010010111011100010011
00001001101011111100001100100011
00001001111110111101100001000111
00001010000010000100010100110000
00001010101110000011000001010010
00001010110000001111100011010010
00001010111001111001111110111011
00001011000011111111010000111100
00001011001110100101111101001000
00001011111001111101100000001011
00001011111101001111001011101101
00001100000001100100100110001100
00001100010000111000010011000010
00001100100010011010011001010100
00001100110001011001001110100101
00001101011011100011110001010111
00001101011110000010110010100010
00001101100000101111111011100110
00001101100000111100011111001100
00001111001001110011101001011100
00001111010001100010100010010111
00001111101010011000001001001010
00010000001001001100001000010011
00010000011110100100100100110111
00010000101011101100001110001111
00010001000001101000111001011100
00010001010000111110011010000100
00010001101010001010110010010100
00010001101100010011010000111010
00010001110101111000111110111011
00010010010101010010000110011101
00010010100100010010000100010000
00010010101010100000000001000100
00010010110000001000000101011011
00010010110100101001010111111001
00010010110101100001001101001111
00010010110111011100111000011001
00010010111000110111101111011100
00010010111010110110010110111000
00010010111011011010101100000010
00010011000000011010010110100101
00010011010011000010101110011001
00010011011000000000010000110011
00010011011110011101100101001110
00010011101110010010111011011111
00010100011010001101011110000101
00010100011010110110100100001101
00010100101000011111010110011001
00010100110010000101011110011001
00010100111010110001101010001100
00010101000000100010001011110001
00010101000011100111011100010011
00010101000111110000100110100110
00010101110100110001111100000111
00010110011110100000010110000101
00010110101101000111100100101100
00010111011111110110101101010110
00010111100010001010010011011101
00010111100110011010001010011100
00010111101010100001000010011111
00010111101011100000111011111001
00010111101011111000010110111001
00011000011110110101000100100111
00011001001010011010111011010010
00011001001111001110100101011000
00011001010011010001100010000110
00011001101110000001110101001001
00011010001000011001110010001010
00011010101111101000010001101001
00011010110011110000000100001110
00011011010101101101100011010100
00011011100000100000110110100010
00011100001100000111111010011110
00011100111111101000110000010011
00011101000110100001111010111100
00011101100011101100111111101100
00011101101011110011011111001001
00011101101110101101001100010111
00011110010110110011110010100011
00011110010111111010100110001001
00011110110111001001101000101110
00011111001011100110101010011000
00011111100101100111001110111010
00011111101011110010010000010001
00100000000011001111111110111011
00100000000110011001010010010100
00100000001011011010100001111110
00100000011100110100101010011010
00100000100111110011101111000000
00100001000110011011111001110001
00100001001001100011100010111001
00100001010101111110011001100110
00100001100011101000001110111000
00100010000001100110100101111001
00100010000100100111011101011111
00100010001010011101010101101101
00100010010010101001000110011011
00100010100100010110100111001001
00100010111110001100001000101111
00100011010111110110011101001111
00100011100111001110111010001001
00100100000011110101111100111001
00100100001011001110101100101001
00100100100100100110111111011001
00100100101110111101010011111100
00100100101111100010000010110110
00100100110001011010101101001100
00100101001001010101101011000011
00100101010100011010101011101000
00100101100101001010100110001001
00100110100001011011111110111100
00100110101110111001101101110101
00100110111100100000011011011000
00100111010001010100000001110101
00100111101111100010111111010011
00101000001111111110101011011000
00101000010110111011001000000000
00101000011000101000000010010000
00101000011110011101100001100110
00101000011110111101010000000011
00101000111110110011101001110100
00101001100110100111000010010010
00101010001100010000011011111110
00101010011000100110101110111001
00101010011001110110111101001010
00101010101010011111000101101010
00101011010001001001101010101110
00101011011001001100011101101110
00101011100011010110011110000101
00101011110111011100110110110011
00101011111010001000000010111010
00101011111101001111011101010000
00101100011001010000010100000010
00101100111111110010111011100111
00101101101011100011000111000010
00101101111110000100111101000011
00101110001010000001111001001001
00101110100001010001101111110001
00101110100101010010101011000110
00101111001110000010110101010001
00101111101101111010001000110111
00101111101110101100100110111010
00101111110000100101110100010110
00101111111000100100000001000110
00110000000101111110001011101011
00110000010001011000111000001011
00110000100001011001110001111000
00110000101000100111010011101111
00110000101011111010101001111100
00110000111101110001101011001000
00110001000100001101111110000010
00110001001010000111111001111110
00110001001101011011001100100000
00110001010001001101110010101111
00110001010010100000110001111110
00110001011100011000101111001010
00110001011111010100011100100110
00110001100100011101011100010111
00110001100111100001101110011101
00110001110000011001100100110100
00110010100000000100010000010011
00110010100011110010000001010100
00110010111000000010010011001000
00110010111100000010010001111011
00110011000000111100110010110110
00110011000011101011011010001111
00110011000101100111010000111001
00110011010111110100111000101100
00110011100001000110100011001000
00110011100111100001000011010110
00110011110000011110100101001011
00110100000001110000110101110000
00110100000010101010111100011110
00110100000011010011001111011110
00110100001010101110101011111010
00110100011100010111010010100101
00110100110011010111001111100110
00110100111101001011111101101000
00110101010110010101010100000110
00110101101110101000000110001000
00110101110001100110110100111111
00110101111100101110001100001110
00110110000011100010111101000010
00110110000100010001111011111001
00110110000100110101011000101001
00110110001111111100101001011110
00110110011001011000100001110110
00110111011000011011010011001011
00110111011001100111010100011101
00110111100001111111000001001011
00110111110011101000001101101011
00110111110110110100110111001001
00111000001100001010111110001110
00111000001101111000110101101101
00111000010000111001010000011001
00111000010100100101010110010010
00111000100000000101000000111000
00111000100000110110001100001100
00111000111000000111011000110011
00111001010111100101111100110001
00111010000001110101000110100100
00111010011100000101110110111111
00111010100100001000110000110100
00111010100100101001010100000111
00111010101010001100111101110111
00111011000000110110000001111011
00111011000001011110111100011101
00111011001101101011001001111011
00111011010011010111010001111101
00111011101011001000001010111001
00111100100100101100011111001011
00111100101110010000001110111101
00111100110100000110111011100000
00111101010000001110001010110011
00111110000111100011000010010101
00111110100101010100001100110010
00111110101011011100110011010110
00111111011100011111010110101011
00111111100110000111110111010111
00111111101011010111100100111111
00111111111110110010110101100010
01000000010111010010001100100111
01000000011101011010100111010011
01000000101110100000100100101001
01000000111001010100000010010111
01000001010010101001001110111100
01000001101100100000101111100011
01000001110111010110101111010010
01000001111011001111110001001010
01000010001110000001001010101010
01000010100100111111110000101110
01000010100101011000111111000000
01000010101011101000000000010100
01000011001011101001011011011011
01000011100011000110100010010111
01000011101010010101110001111010
01000011101100110000111011101011
01000100111011010100000101001101
01000100111101101000001100111001
01000101000110110011001111001101
01000101010010100111001110001000
01000101010011100010110000110111
01000101011101111000000110110011
01000101100100101011100100010110
01000101101010111100010011001000
01000101101101110001000000000101
01000101110110101001000111100110
01000101110111001101001110011111
01000110001011000110101001111100
01000110001110000101001000010111
01000110010110010010011010010100
01000110100000101000000111111010
01000110110110101000111110000101
01000110111000000001010000000110
01000111000010000100111110001011
01000111010000010000001110110001
01000111011011111100101100100000
01000111110011100101001010101111
01000111110101011101010100111010
01000111110111000000000011010000
01001001011010101010100010001010
01001010000100001001100010000101
01001010000101110110000100111001
01001010001000010000011000011010
01001010100010011100000110000110
01001010100100000000110001100010
01001010111101000111001001001011
01001010111111000011000010100100
01001011001001111010110010010101
01001011011111000000111010011101
01001100000100010110110110111010
01001100010000100100111111110100
01001100010110010110000010101100
01001100011101100111100110110011
01001100110110000111011010010110
01001101001101100000100001100101
01001101011111010000100110110101
01001110000000011101001000100001
01001110001010011000001100011111
01001110100100000101010111011000
01001110100101011110101110110000
01001110110100010001011001110110
01001110111001110110001011110111
01010000000011000110100010001110
01010000010001101111110010010110
01010000011100101000010011001101
01010000100000001101111111111000
01010000100111011010011110100101
01010000111011100001110010100001
01010001000100011001111001001110
01010001001100010010000011111000
01010001001100111100010101100001
01010001101001000011000000011110
01010010101010110000111100001000
01010010111011011011111001110011
01010011000000110110011001011111
01010011000010001010110111101011
01010011010000111011001101010000
01010011011010111001111111000101
01010011101100111111001110010111
01010011101110110010000101111110
01010011101110111001000011110010
01010011111010101000011110110100
01010100000001010110001011101110
01010100001111101000011011011110
01010100010110100010110001101110
01010100100101101011100110001100
01010100110010011010100101000101
01010101001100101010110011001101
01010101010000011000001010010010
01010101010111011011110000111111
01010101111000001100011010110000
01010101111000100000001001110010
01010101111111000001110100111011
01010110001101111011100000110010
01010110010001000110101101111010
01010110100111000101110001100010
01010110101011101000000111001100
01010111000001011111010110000001
01010111001001111100010101101001
01010111011001101100110001100101
01011000000010110110111100110001
01011001100010100000111011000100
01011001110100100000010100000001
01011001111101000100010001101000
01011010001100101010111111110011
01011010111000010111100011010001
01011011100100101001010010100010
01011011101111011100110001111100
01011011111100010100011111000010
01011011111101000101101000111101
01011011111111010101110110100010
01011100000000011110110100001001
01011100001101011011000011110111
01011100111100001000001110111101
01011100111101100000010101011101
01011101001101111011100100101001
01011101100001111111111010110101
01011101100111100110010101111001
01011101101100011010000111000000
01011101110100011010110011110010
01011110011000010000101011101010
01011110011100011010111000100011
01011110011110111110011101011011
01011110101000001010010100000111
01011110101101011010110101010001
01011111001001100101011100001000
01011111110010011011101100000110
01011111110101100011111111101011
01011111111110000101111001111101
01011111111111010101010001100101
01100000011111001111001100100100
01100000110100010011110011101100
01100001011010001010010100110101
01100001100011110111101000111011
01100010100010000010000111000100
01100010111101101111011110101000
01100010111111001000111011100010
01100011100000010000110011001110
01100100010100101110110010011001
01100100100000010001100111001011
01100101000111101101001001001001
01100101001110010000111000100000
01100101001110101100101011000010
01100101011001111111000000110001
01100101011110001111101110000000
01100110000101100111111101100011
01100110000111100100011000110111
01100110001100110011011111010100
01100110010001101101000100100110
01100110010101101011010101101010
01100110011010110111111011110101
01100110101111001000101101000110
01100111000011111110000101111100
01100111000101111100001011100011
01100111011010000011111110101100
01100111110101100100100100011010
01100111111010110011100110110000
01100111111011000011001111111001
01101000001000111100100010101110
01101000010001000101000010011110
01101000011001011000101111110111
01101000100101111100000100000110
01101000100111111010111000010110
01101000111011110011111011001100
01101001010001000001110001110011
01101001010011000101010100001000
01101001010111101000001000011001
01101001011111001101110111010011
01101010000101001101011110000100
01101010000110100001111000101110
01101010010011010110100101111101
01101010011011011010011101011011
01101010011101000010100111000001
01101010101111000100000001001111
01101010110010011110001010011100
01101010110111010000001101000101
01101011001011100000111001011010
01101011001101001101110110101110
01101011110100111100110101011100
01101100000101100111011011101001
01101100010001000010000000000011
01101100100101111011100001011101
01101100110001110001010010100000
01101101010001011011000011011000
01101101010101010110010011000000
01101101011000100110010101100111
01101110010000110001110111101001
01101110011100100101010011010110
01101111100001001100100100000000
01101111100011010001011010101011
01110000010101100111111110110011
01110001000000101110001011111101
01110001000010101011101000001111
01110001001011001100010111010011
01110001011100000100001101110101
01110001011101011101000110010011
01110010010100101101110101000010
01110010100000001110111101000011
01110010100001110011101000101000
01110010110111110110111010000110
01110010111011010011111011000111
01110011010011101000101000101100
01110011110111111010000100110111
01110100011100101001100110010001
01110100011101011110001111100000
01110100100000010010010001111110
01110100100100000000011001001000
01110100110010100000111001101101
01110101000110101101110100010100
01110101001111111100111110111010
01110101110010100100011111101111
01110101111011111110000110100001
01110110011100110000110100100010
01110110110111001011011011010100
01110111010000000100010011100000
01110111010101000111111110110100
01110111011001000101111100011100
01110111111011111111000011000100
01111000100011100000101010110010
01111000110100010111111000111011
01111001000010001010110110111010
01111001001001100110101101100010
01111001001100110010000111001001
01111001001101001001110100100111
01111001011111000010101100011100
01111001100001111110100110011010
01111001111010010011100101101001
01111010010011101100111100010101
01111010101110110011110001110100
01111010111100110011000001100100
01111011000000110110001101100001
01111011001100111101110110100010
01111011001111011100010001100111
01111011100110000000001111001101
01111100010011001110110100101001
01111100101001100001101000011010
01111100110111111110110111111000
01111101000001011111101101111101
01111101010101001110110000011001
01111110000111110100111011101110
01111110011100000110101100111000
01111110101011110110011011010100
01111111001111110101001011111100
10000000000111100000011010011100
10000000001110010110000110000101
10000000011100000110110111000001
10000000011100101101001101011000
10000000110011100001000101001011
10000000111011101101111100100000
10000001000100000000000000000011
10000001101101000101010001001000
10000001110000100100111111011101
10000010001100000111100100000000
10000010010010100010101101011110
10000010101110101010111110100111
10000010111000001000001111111010
10000011000100101100110111111001
10000011000111111010110001010101
10000011010100011101000100100000
10000100000011101001011010000011
10000100001001111011110101001000
10000100011011010110000010111011
10000100100100001000100011100000
10000100111001011111011001101110
10000100111110000011000110011001
10000101000001100000010100111011
10000101101000011011101011011000
10000110001010110001101010101100
10000110001011111001011110111101
10000110010000010000001000110001
10000111010011101100000001100011
10000111100100101001000110111111
10000111101110010101100001110000
10000111111111001101101111110101
10001000011100000010001010101011
10001000101111001101000010101110
10001000110110101101101101101001
10001001000100110111010000001001
10001001101000111100011010110110
10001001111001111111100111111100
10001010001100101011100111100101
10001010010100111111010001011001
10001010101101010110101100000000
10001010110100001001010101111010
10001010111010111001101110001000
10001011001010000101010010110101
10001011010100000101110110111111
10001011010111010011000100011111
10001011011100001000101010010000
10001011100100001110101111010011
10001011101100111001110101111000
10001011110101100101001011111101
10001100000011101110110110001001
10001100001111001110111001000001
10001100011111100000100000000010
10001100100101010110110000010000
10001100100111000101100011100011
10001100110011011110001110111010
10001101000110001111000001000110
10001101010101000000111100011100
10001101101101010100011011100110
10001101110100010111111100101110
10001110010000101111101000110011
10001111010000001111101100011000
10001111110000110000000010111110
10010000000001011111111000110110
10010000001111100100101100010010
10010000010010110100110101010001
10010000011110000001100111101001
10010001000001110100111000000110
10010001000011101011111100111111
10010001001001100110110000110100
10010001001101011011110100100010
10010001011001110000011111110001
10010001011100001100001001101001
10010001110110011111110101011010
10010001111011100110010111011111
10010010000100010000111000000101
10010010000111010110011101001111
10010010010111011011100100100101
10010011001110110010100010000011
10010011010010110100100011011000
10010011010111010110010000010100
10010011110100100101100000010000
10010011110100111101100010101010
10010100000000011110000001110000
10010100000101100000001011101111
10010100010110110001101100011000
10010100100001110100100101100110
10010100100100010110101111110111
10010101100000010011111000010101
10010101101110111110011110010101
10010110011100011100000001010011
10010110111100000101000111011111
10010111000000101011000100110000
10010111010000001100111000011010
10010111101001010001111100010101
10010111111101100110010101111011
10011000011000100101001100111100
10011000100101101000010010000000
10011000111001101111110000101011
10011001100011010011111000000100
10011001111110010111000010011001
10011010011000101011011010011100
10011010100100001111111011110000
10011010101100110011111000010011
10011010101111010010100010000000
10011011001010111010100010111111
10011011100111010101011111101111
10011100010001000000010110110010
10011101001101011111100101010110
10011110001010011101001010101111
10011110011110010100011011000001
10011111010111000101101111100101
10011111011000000010010100100101
10011111110101001101011101000001
10011111111010100010100000111001
10100000000001011100101000001000
10100000001100000111111110001110
10100000010101010001110011110110
10100000010101110100110111000110
10100000011111111001001111001100
10100000101101010000001011110100
10100001000010111010111101001001
10100001001010100111111111110110
10100001011111011000011110100100
10100010000001011110010001001110
10100010010111001111011011000011
10100010011011101001100001000011
10100010011111110000111011111101
10100010101001110110111000110010
10100010110100110111010110111100
10100011000111110000110100100101
10100011010100100010110100111100
10100100000001101001011010000111
10100100001101011011111010110000
10100100010011100010011101101101
10100100100100101101001101100011
10100100101101100000111001110111
10100100101111011011001001001001
10100110000010101011011101110010
10100110011101111101110111100100
10100110011111011001101100100010
10100110101110010101101100101100
10100111001001001011010111001011
10100111011011001000000010110101
10100111100111001000001111010111
10100111110011101101000101011111
10101000001110010111011100110011
10101000010011111001110000101110
10101000101110001100000101011010
10101000101110100011100001111111
10101010000101110001000100110110
10101010100010100101110001010001
10101010100111011110111101100101
10101010111111110110011011011011
10101011001101111100101000011001
10101011101101011001111101110010
10101011110010011010011110100111
10101011111111001110110011011101
10101100010100110101101101010110
10101100010110101000000001111000
10101100011011000010011001111110
10101100100011101110110011110000
10101100110110100011011110101011
10101100110110100111101010010100
10101100110110101111111110111100
10101100111100110111110111110110
10101101011100100000100101101000
10101101110110100010100110010101
10101110000010010100111100100010
10101110100011000101001101101010
10101110100101000010011101110011
10101110101011101001100110000001
10101110101111100111111100000011
10101110110010011111011000111100
10101110111110110001001000011101
10101111010001000100101111111101
10101111110001100000000000101011
10101111111101010011010101011000
10110000010111000111101010111001
10110000010111111010100111011100
10110000101111000001100101000001
10110001000100010010110010111001
10110001000110011101001011010100
10110001010000101011000110011010
10110001010001100100111011001100
10110001010010000111101001010010
10110001100101000101000111101110
10110001100110100000111000010100
10110001111011000011100101011000
10110011001101001110101001010001
10110011001101001110111111000011
10110011001110001011000001110001
10110011100001000011101000001110
10110011110001000110010010010001
10110100010011001111110011000110
10110100010011011000001100111101
10110100100110011110010110011011
10110100101001100100000000100011
10110100110110010000011111111000
10110101000000011100110101100010
10110101000000100101101001011011
10110101000110101001101010110110
10110101001000100101001111110101
10110101001100001001110011101000
10110101100100011011111101110010
10110101111100111100010100100000
10110110011111100100011011111111
10110110101001000010001001100000
10110111111000000000011100000000
10110111111000111100111000100001
10110111111010100101000000001001
10110111111110010101111100110010
10111000000011101110001100000110
10111000101111010110110111100110
10111001000010011010101010001001
10111001101000110101001010001011
10111010000010100100101010101011
10111010010001011111101100110100
10111010101110111011001001001101
10111011011101101100101101011011
10111011101100011101100100010110
10111011101101101111001101010101
10111100000000000010000100111101
10111100000001000101010000010101
10111100011000101001110010101001
10111100011001101101100101100011
10111100100010110101000101111001
10111100110010110010011101010010
10111100110010111011110000111100
10111100111001010111111000100101
10111101111010011110001110110111
10111110001110010000000001000110
10111110101100111010100000001100
10111110110100100111110111111100
10111110110111101000000010101001
10111111001100110000101011000111
10111111010000010000100111001100
10111111011101011110010111101001
10111111101011011010101010001000
10111111101111000110101111000011
10111111110010101001000000001101
11000000011000000101111000100111
11000000110010100010001100001000
11000001000001000000000010101000
11000001000101111100110011100010
11000001100011110100001011111010
11000001101110101101101011111001
11000001101111110001100110100101
11000001111001100010001010000101
11000001111100111101110000000111
11000010000011110010111110111000
11000010111100011110100100101110
11000011010011110001100010111110
11000011101010010001110111010101
11000011111100111101111010100110
11000100010010000001001011100011
11000100111110000000010011001000
11000101010010010111010001101011
11000101111000101110101101100100
11000101111100101111011111111011
11000110000110100111100101101011
11000110001100001111101010111100
11000110010011010011001001001101
11000110100010011001111001010110
11000110101010110000011100101011
11000110110011001111000101111010
11000111000110111010010010110111
11000111100100111000111001010011
11000111101100101001100010100111
11000111110011001001010011010000
11000111110011110000110000010100
11001000001110111100011011111111
11001000010001011001100001100101
11001000100111000111100100110110
11001000101100110000100000101011
11001000110011100010001010011001
11001001010101010011100011001111
11001001100000100000001101110100
11001001100110101100011110010001
11001010000101101000000010110110
11001010001010111101111010101011
11001010011000110001101111001111
11001010101111011010110001111011
11001010111110000000101111100110
11001011000000011101101100110100
11001011100000011110110010001010
11001011100011010010101000101010
11001011100100111100111010011110
11001100000001001111100111010000
11001100001000100110000111110011
11001100001110100110010100000100
11001100010100000011101100011111
11001100101000010001111101010001
11001100101101001101110001111111
11001100111001110101100110101011
11001101010110001110000010010111
11001110000000010100000000101000
11001110000010000111000000100101
11001110010111001110100011110010
11001110011010110111100001111110
11001110111011001011111110001111
11001110111110101010110001011001
11001111011000101011010010101101
11001111011100111110111010111111
11001111011101101000111001111100
11001111100001011101101001000111
11010000000101101100111101110110
11010000010111101110001100110111
11010000011110100001110010011101
11010000111001001111010001101010
11010001000100100001011001010111
11010001001000110110101101001100
11010001010110011001010110111110
11010001101110010010110010100001
11010001110001110111000011110101
11010001111001001010000001101101
11010010110110110001001110111000
11010011000101001011001000111011
11010011011001100000100111001010
11010011101001110000000011001011
11010011111001100011010111001110
11010011111011111010000010011101
11010100001110100000010111011110
11010100011011010010111010001101
11010101000100110001110101011000
11010101101010000110010110011110
11010101110111010011000011110000
11010110001011000011010101100000
11010110010100100000000000111101
11010110010111011101110101001010
11010110011011010110000100000101
11010111000001101101111000011000
11010111000010010000010101011111
11010111011101011000001100110010
11010111100110101001111111101000
11010111101001100010001001100101
11010111111011101111110111001011
11010111111100100001010011110110
11011000000000011010111100100000
11011000000001100101000000000110
11011000010101101100011100011110
11011001101110000011100110110001
11011001110100101001010000000001
11011001111001101011110000100101
11011010001111110100100101001001
11011010010011100010011101100110
11011010110010000001000000100011
11011010111010001001011101000010
11011011001010000000110111010101
11011011101010011100111010001100
11011011101111000100000011101101
11011011110110100110011011011001
11011011111100111101111011000100
11011100100001111111001101000001
11011100110010010000101011001100
11011100110011010101011011011111
11011101000110101100101111110000
11011101010101010001001100111000
11011101101110011000011110001100
11011101101111000110000100011010
11011101110110100000111101011011
11011101110111000000011001010110
11011110011101000110001100110010
11011110100101010011111001001110
11011110100111110110101111010110
11011110110001001001010101001100
11011111001110001101001011101010
11011111010011111100111001110101
11011111110010100001110011000010
11100000001011010110010010101000
11100000001101110100011100101101
11100000010011111000110001100001
11100000010101001110000100010101
11100000011011111000010000111101
11100000101111000011111010011010
11100001111100001000010000000100
11100001111110100100010010110100
11100010001001100111001010011100
11100010011001100011101001111111
11100010110101101010111010101100
11100010111001110011100110110011
11100011000010100111000110100100
11100011011111111110011111001000
11100011100110101110110000011010
11100011111110100001001000111011
11100100010101100101001001001000
11100100011010110010101010101010
11100100101100011111010101010001
11100101000001100110000001100101
11100101000011010011101111001111
11100101011010000000011100111001
11100101011100001110101110010110
11100110011100011000110001011000
11100110011111000110111000000000
11100110100001000100110010100001
11100110100111001011110110110000
11100110110100100010010010101101
11100110110110101011101111011111
11100110110111010100100011101110
11100111000100001101001110000111
11101000010001100100101111111011
11101000100010010101110110100010
11101000100110101110000101111100
11101000111101010001000001001000
11101001000011010000101000010000
11101001000110000111110011001011
11101001001110001011001011100010
11101001010011001110101111001010
11101001011111000010000100010110
11101010001111111101000111101011
11101010011111110000011010001100
11101010101001011000001000110010
11101010111100010010110011010101
11101011000101011001111101101011
11101011001000100011000000101110
11101011001010110001101000001111
11101011100111100011110011010010
11101100000000011101001101000100
11101100000111110101100010000010
11101100001000110001100010101000
11101100010001011001001100000111
11101100011001011000110011111100
11101100101100000111000001010011
11101101000100010111110010001100
11101101110111010101000010011100
11101101111101111010011011100010
11101110011010010101001111000101
11101110100100001100000001001101
11101111101101100000111001111110
11101111110101110000110001000100
11101111110110011010100100100010
11101111111111001111000000111100
11110000000011001100101001011110
11110000001010001111100010101100
11110000010101001011000010010001
11110000110000011000111101000101
11110000111010101100000011011001
11110000111100100111001001100001
11110000111101000001110010001100
11110001001110111010011111001000
11110001101100100000110011111111
11110001110111100010111000110000
11110001111011110000001000011010
11110010001110111110100101000000
11110010010010110011111010101111
11110010010110110001111010111111
11110010011111111001010110001110
11110010110011111001011110110100
11110010111000011110010011100011
11110011000101101010100101100010
11110011001001101101110000001110
11110011101101101111100101101101
11110100010001011110000001100011
11110101011001010000101011000111
11110110000010100011111010000111
11110110000100010001011110010110
11110110010011100011000111011001
11110110011101000100110000010001
11110110110001000101111111010011
11110110110011110001010010001011
11110110111000000010010110100101
11110110111010100001111110000100
11110111000110010001100101101111
11110111010010011001001010111111
11110111011000001001110100101111
11111000001110110111011001110110
11111000100110101101000011100000
11111000101011100001000001001101
11111000101110000101100001110001
11111000110001110011001110110011
11111000111011000011011011101101
11111001000111100111000111010110
11111001001101111000000000000110
11111001100110001111000110001110
11111010011001111011011000101010
11111010100011000000100010011101
11111010111001101100010011000000
11111011100001110011111101010001
11111011100101001110000111000000
11111011101100000010101101100000
11111011110011001000110011100101
11111100011011010101110101000101
11111100110111010111110101000000
11111101001010100110101010010001
11111101010000100101101001110110
11111101010010101110110000111001
11111101010110010100101010111110
11111101110001100110000111001101
11111110001101000000001001100100
11111110010100100100001001111010
11111110011111110111000001100111
11111110100010101111001111000010
11111110111111100101010100100010
11111111001111110110000001000110
11111111011001110011010010101111
11111111011010010000001110011011
11111111011111001100110011011111
11111111100111000010011001110011
11111111110111011010010110001101