00000000011101010111110010100001
00000000110111110010000000011000
00000001000111110111000101111000
00000001110000011101001111011110
00000010100000011011011101101100
00000010101011010011000001000101
00000011000000011001101000100111
00000011000010101101111001101011
00000011001111010100100100100110
00000011010001001010000010001100
00000011110000001100000111110100
00000011111010011100000111110001
00000011111100011010001000001101
00000100000100010011110101011100
00000100000110100000011111001101
00000100000111010001110110111110
00000100011010001001000101100010
00000100011011010101111001111100
00000100100001110100000110011011
00000100101010110001001000100000
00000100101110001110111111111110
00000101011101001101101110000101
00000101100011010010111111100100
00000110100100101001001100001011
00000110110100101100000011100101
00000110110110110001101011001011
00000111010011001111010101001101
00000111011001010100011000010100
00000111100001111101111001001001
00000111111010010011010010111001
00001000000111001100100111110100
00001000010110110010100101011101
00001000101101000110011100000001
00001001001101101100000101000000
00001001100111011011011100110010
00001010011000011011010010100001
00001010101111101011101100110010
00001010110110001001010101000110
00001011000011001001010001000011
00001011001101001010101001101111
00001011010001001010011110001110
00001011010010000100001100010000
00001011101101101011111001111101
00001011110111010100111101001001
00001011111001001110000001100001
00001100011010001100010011000110
00001100100111100000100010000101
00001101000101100010001000110100
00001101100010001011011110000001
00001101110010001010011111110111
00001101110101101001001111011000
00001110001000010110000000110100
00001110111111001100110010110001
00001111000110100101010101010001
00001111000111011101000110111100
00001111001111011010100100010011
00001111001111011101011011100110
00001111010100000100100001111010
00001111100110001010110100110111
00001111110000111000011100101000
00010000111000000110101101010100
00010000111111100111010011100000
00010001001010111101111111110100
00010001100111000010000010011001
00010001101100001110101100100101
00010010001001001101010011001001
00010010010001011100001000101101
00010010100111001010011100001100
00010010101110010111101010010100
00010011000101010010001111110011
00010011001001111001110111110111
00010011100111011110111000100001
00010100000111011010111110101100
00010100100110011110010101100110
00010100101000010010100010001101
00010100101001010011001000000011
00010100110011111110010101111010
00010100110110000110101100101010
00010100111111010011011110111000
00010101010011011000101011001100
00010101110000000111010111111010
00010101110001110101110001010001
00010110011000011001111100010110
00010110011000011110101100010011
00010110011001100111110111000000
00010110110001111001100000101110
00010110111001100110101010101000
00010111011000110011001100110101
00011001000001001010101000101101
00011001000111100010011110000111
00011001001000101101011111010011
00011001001011111010111110100111
00011010001100000100110101011010
00011010001100111100010001111011
00011010010001100001010100001011
00011010010011011011001001110110
00011010110000001011000001110110
00011011010001100001010101110011
00011011100010110001001000101101
00011011101111101001101101110100
00011011101111110001010011000111
00011011111011100011011010110010
00011100011101011010000010000100
00011100100011110011100001100001
00011100101101101101011101111010
00011100111001001011001110001010
00011101101011100001001111110000
00011101111101010100110011011100
00011110010110011010110110010110
00011110011011010110010011011010
00011110110110101101111110110111
00011111000100011110011110110010
00011111010110110011000101011011
00011111100100010110101110001111
00011111111001001101111111000110
00100000110010110010010110000111
00100000110111101101100011010110
00100001000001011001010001110111
00100001001010010111011111000111
00100001011101111001100101001011
00100001100100110111001111010001
00100010001010100011111001011100
00100010001100111000101100100111
00100010010101000110000000100110
00100010011110100010100110001010
00100010100001101110001010110100
00100011000011101111101000000011
00100011001010000000111111110000
00100011101111011101011001111101
00100100010001010111010010010011
00100100100101110001101001010100
00100100111000110111010010110000
00100100111100001000110011100101
00100101101000011110101110001111
00100101101000011110111000110100
00100110010010100111010110010010
00100110010110011111011011111110
00100110111000000010011010010101
00100110111001111000001100010001
00100111111010011100000110101110
00101000101010110000010110110101
00101000110110111100101011110111
00101000110111010101001101100101
00101000111111011101100010101101
00101001110011110101110010010110
00101001111011010110101101101001
00101010001010110111101100001011
00101010010100100011101110011010
00101010011011011111011110001100
00101010100101110011111010001100
00101010110100111111000111001011
00101011101110000111110100110001
00101011111011000001111100101100
00101100001011011110111100100010
00101100101000010111111000110111
00101100101010000111101110110011
00101100101100101011100111001010
00101100111011000101000100001011
00101101000010100001110010011011
00101101101110110111110110010100
00101101111110100011010011100101
00101110000010101010101111111000
00101110100100001010011100100101
00101111110001001101000110110001
00101111111001110000011101111000
00110000001000000101001001000011
00110000100111000011011100100101
00110000110010101001100101011010
00110000111111101011001000000001
00110001001000010111000101011110
00110001010000110100010010011010
00110001011101001011010010111000
00110001100001010010010011010100
00110001110101001001000000011110
00110001111101100110101010010110
00110010001110011110110101110011
00110010011000011101000111101100
00110010011100111111011111100001
00110010011101111101011000100010
00110010100000001010100000110000
00110010100000011010111110010110
00110010100100001101100100011100
00110011000011010000011011000010
00110011001010011100111110010000
00110011011001100001100100010010
00110011100001101110100101001000
00110100000110101010111011111000
00110100001010001100100000111111
00110100001010111101100101000111
00110100010011100000010001001101
00110100100000100010000001111101
00110100110011011101001111000101
00110101010000000000101001011011
00110101101100100110011001100101
00110101111011111111000111100010
00110110011001011110101101000010
00110110101110100100000100110011
00110110111000100110000000100111
00110111000100000001011000001011
00110111101000101010111101010111
00110111110011010011110111010011
00110111111010001110011010011000
00110111111101000111110011111010
00111000000111100110001011010011
00111000111111100011001110011100
00111001001011110100110001100010
00111001001111100101100000101010
00111001010110000000010010001111
00111001011010000101000111011011
00111001100010111110110111101000
00111001100111001001001100100001
00111001111011101001110111100101
00111010000111010000100110011010
00111010001010011000111110110010
00111010011100111011000000101101
00111010011111101011101001110000
00111010100100100110110000111111
00111010101100110011011110111110
00111011000010111011101101110110
00111011001110101101000111100011
00111011100110011000011010111111
00111100011000010010011100110100
00111100011110111010000011110111
00111100110101001100010110110010
00111101001111101100001000010100
00111101101100111100001100100111
00111101111001000100100101000001
00111110010000101110110000001011
00111110110110111010000100111001
00111110111001010010110010011101
00111111001011010010001101110001
00111111011110011111000110010101
00111111100101000011000100110000
00111111110011101001100101011001
00111111110111001011111110101110
01000000001010010010101001100111
01000000101100100101100011110101
01000001101101101001001100101100
01000001111010010010110101100101
01000010001000101011101000111111
01000010100010100101010000110010
01000010100111111010101011010000
01000010110111001111101101000101
01000011010110100100010101101101
01000011011100100011101101101000
01000011111111000100100101010010
01000100010100000100111111100001
01000100010110000010100110011111
01000101000111111100001001111000
01000101101011101011010100110010
01000101110100111100011111100001
01000101110101010101000010001111
01000110000000011000001101110100
01000110000101001100011001111001
01000111101001100100001111011100
01000111111010000000011100110011
01000111111010110110111110010010
01001000000101110101100110011001
01001000000110111010111010101110
01001000011110001111011011001110
01001000110100001000001011000110
01001000110101001110100010001101
01001000111000011001011100110110
01001001001111100100001101001111
01001001110011101010001000001000
01001010000011100010011011111100
01001100011010100011110010111101
01001100101000010111001100010101
01001100111001000000001100000010
01001101000111001111100111100101
01001101010010101100111110001011
01001101111000010000101111100001
01001110100000100000011111010000
01001110101110011010001001010110
01001110110001110101010011100001
01001110110101111101100111001011
01001110111011001011110101000101
01001111000000001010001010111111
01001111000110101110111110000011
01001111001001100100001100101101
01001111011100001111000111011100
01001111101101110100110100100110
01001111110000000010110000000011
01010000001111011000101011111000
01010000101111010001010010000110
01010000110110010010010101101000
01010000111110101100101001111110
01010001001001110100100110001010
01010001010101111101100100111111
01010001011100110100000001101110
01010010000010111011000101101011
01010010100001101001010100101111
01010010110101110010000000110111
01010100000010101001100111000001
01010100011110011111111100101010
01010100100011110000111011010010
01010100100110010010110101000110
01010100110010100000010010000101
01010100110011110000001011100010
01010100111011101000000111000010
01010100111111000001110101110010
01010101001000001101010100100001
01010101101000110010110001000001
01010101101111010110011000011000
01010101110100001001010110100101
01010110001010110111110000011001
01010110001101101001011000010010
01010110001110101110101000000111
01010110100011110100010011101111
01010110111011010101101001111011
01010111010000100111011100000101
01010111100010011001110101001001
01010111110101001000010001110010
01011000001111001010011011101101
01011001010000001110111000000011
01011001010110101000001000011011
01011001011000010101100111100100
01011001100100100001010011010011
01011001101101110111110110001100
01011010001100101110100010011100
01011010011011101010010100010110
01011010100000010110001111110010
01011010100000101100110101000011
01011011010100100111001110100001
01011011011111111100000000101101
01011011101010010010011101100011
01011011101101101100000001101011
01011011110011010000111111101100
01011100000011010100111011101011
01011100111011010101000110101110
01011101000101000010001101001001
01011101010101001000000010110000
01011101100001100001000001110011
01011101100011101000111001101111
01011101100101010011100110001011
01011101100110000101011111111101
01011101101010001100010000011000
01011101111100110000011111111110
01011110000000101111010101110110
01011110000010111111111100100010
01011110001110100110000011001010
01011110001111110101100100101100
01011110011000100001001111001011
01011111001000100010100110110010
01011111001100100000000010101100
01011111100110011111000000011010
01011111101011111011100010111011
01100000011110001000011010101110
01100000100001011111110100001101
01100000101011110110110000010100
01100000101110100100100100010011
01100000111011100111000111010110
01100000111111000010110010001001
01100001010000110000101011000011
01100010001001110010100100010000
01100010001011011100101001100010
01100010011101111111011100011000
01100010101000000100001000001111
01100010111011001111010011010010
01100011011010111000011111011010
01100011100001100100101001110110
01100011100100111011110111000110
01100011110011011100010101000111
01100011111100111000110101001110
01100100000000110011001100110001
01100100000001111100100000010001
01100100001011011111110000011110
01100100010100010101011100110111
01100101001011111011110011100000
01100101010000101001000001001101
01100101011000100011100000110001
01100101100101000011110111101101
01100110010010111010100010110110
01100110100000001111101000110111
01100110100011110101110000100100
01100110101110001011001001000001
01100110110100001101010000000011
01100110111010000001110001001111
01100110111101111001101101101011
01101000001110101110011011110011
01101000100001100100111011010110
01101000101100001101001010010010
01101000110001000000100100010010
01101000110001110000100110100100
01101001000010010101010011100001
01101001000010111000011000010010
01101001000110111101101010101111
01101001010010001111100001110011
01101001011011101000010100001111
01101001100101001000110001010100
01101001110001100011101011000110
01101001111001001110011001001110
01101010011101001110000111101001
01101010100010001111100110111001
01101010110100101000001001101000
01101011001000101110011100011000
01101011001101101101011101110001
01101011010100110001011110101111
01101011011001011100001111010011
01101011101001100010100011011110
01101011101010010001111011111010
01101100010100010010100101000011
01101100010100011100101100011010
01101100101111011100011011011011
01101101000010111001011110110111
01101101000111011010001000110011
01101101001011110010001000010101
01101101001101011011010111001100
01101101001111001100101110010101
01101101010110111110011010011101
01101101011000100101101101001001
01101101100111110001111100100111
01101101101111001011001100010111
01101101110010111000011011110100
01101110000010101110100001010110
01101110110110110010110110101001
01101111000111010100011101000110
01101111001110100011110000011010
01101111010001110011101000101101
01101111011110111100111010001011
01101111110010001101101010010010
01110000000000000100101110011001
01110000000111111010100010101001
01110000011111100100010101110001
01110000100100100111110011011101
01110000101111101100100100111011
01110000110000001001011111100100
01110000111011010110101011100010
01110000111111000001101101011100
01110000111111110111110100000111
01110001000110010010000100101111
01110001010100000101001001111110
01110001010101101101011011110011
01110001101011110001001110100101
01110001111101100000001001001100
01110010010111101011101010000001
01110010101000101011111011101000
01110010110010000101111001100101
01110011010101110011101000011110
01110011010110010000000100101111
01110100110111110001101111101011
01110101000111010000000011110011
01110101001010111010000101110100
01110101110110101001111101101101
01110110000111110010101011110010
01110111001000101101001110010100
01110111001010111000111000111110
01110111011100100111011100000000
01111000000100100010011000000111
01111000011000100000000100011001
01111000101110000101001100111100
01111000111011001101011010011000
01111000111110101011011101000000
01111001000011011010101111011101
01111001101001111110101111101011
01111010000100101000001011010100
01111010001001101001110101011100
01111010010000110111100110001100
01111010011010011101000000111100
01111010011010110001111010011011
01111010100100000000000001111001
01111010100100001101111000100101
01111010101101001000110111001010
01111010110010010001010111011000
01111011001001010110010110100100
01111011001100011010011110001010
01111011010110001111000101010001
01111011110010101101100011001110
01111011111010011100001100001011
01111011111110011000010100011101
01111100000010111101101101001111
01111100011100000100010111001000
01111100011101010101100011011110
01111101100011100000010110110010
01111101101111000001011010100101
01111101110000010001101010011100
01111101110101111000000000101000
01111101111110011001011100110111
01111110001011100111011100010010
01111110001110101011101011001100
01111110011111010110100000111010
01111110110111101110011001100100
01111111011110100100110101011001
01111111101100111011010111111111
01111111111111011100100111100110
10000000001011011110100010110001
10000000100101001010011000101011
10000000110100101000100001111110
10000000111000101100001000100100
10000000111011101001101011001001
10000000111110110000001111000001
10000001011010001110110101101010
10000001011111010101001110011111
10000001100011011010101011100110
10000001110111001011001101001011
10000010001110100001001101100001
10000010010110110010000000110101
10000010100100101111010101001100
10000010100111011000101101011110
10000010101000000000100001111111
10000010110000111001011010100000
10000011000001010110100000100011
10000011000001110111001110101011
10000011010011000111100100101011
10000011010100100011000011111111
10000011010110001000011100100101
10000011011001100010111001110000
10000011100011110001011111001101
10000011100011110001110010000010
10000011101101100111011001011000
10000011110111000100100110100011
10000011111011010001011000110100
10000011111100100001111111011101
10000100000010110111000111010100
10000100011001011110101101101001
10000100011110111101110001101111
10000100110000100010101101001101
10000100110011101110000010111001
10000101001000010001111100010011
10000101110011001000110001110101
10000110100001111000010100001111
10000110101001000011001001010000
10000110101111011011001100001010
10000110101111101001011010110101
10000110111000101110011000000011
10000111010101000010011001101000
10000111100111000100110001011011
10000111101010110101101000011000
10000111101011000001111110101000
10000111110000111101010111010101
10001000000010101000111010001010
10001000000011110010001001000001
10001000001111111011101000001000
10001000110010101101100110101100
10001001001000100100010000111001
10001001011111010001000110111010
10001001100100010100010011010100
10001010010010110101110001110001
10001010011011110010101111110111
10001011010000011110000101011000
10001011010101000100001100011110
10001011011011101110011000000001
10001011101000000110100101010110
10001011101111011011001100101011
10001011110110101111001111001011
10001011111010000011010010100001
10001100000110000001111100011111
10001100100000011100101111101000
10001100110000011001101010101111
10001100111000001100010110101100
10001100111101011010100101111110
10001101100000101111110100100111
10001101111110100011111110010010
10001110000000111010110111111101
10001110100111001001101101100111
10001110101010100001001001101010
10001111000110101110010111011111
10001111001010100100000001101001
10001111001110010111011110010010
10001111010001000001100111100100
10010000001100111001000010010111
10010000001111001111001111011001
10010000010011000001011111010010
10010000100001000111011011010101
10010000110011101011011101000011
10010000110110110011000000011010
10010001010010000101110001011110
10010001010100000100010100001101
10010001101100101111100111000111
10010010010011110101100101001001
10010010110010001011010111110010
10010011000101011000111001111111
10010011010000111100001010101011
10010011010100110110111111100001
10010011110001111111010010101111
10010011110111001000001011010101
10010011111011000100101101001100
10010100000000001011100000111010
10010100111111001111010001100110
10010101001111100011100100111111
10010101010000000000001011100001
10010110000101111011000001110000
10010110001101000100010101010100
10010110010011001001000100001110
10010110011001100000001101101000
10010110111001101000100010011011
10010111000011000101010010111111
10010111110010010010010111000001
10011000000111111101011111111011
10011000010100010101110100011100
10011001010001101100100011001101
10011001010010010111000101001010
10011001100010110110010011110110
10011001100111100111000100010101
10011010011001011010010100010001
10011010011101110110011000010110
10011010100110011100011111011001
10011010111001100110100001110101
10011011011000101110011000100100
10011011111001110001110110000000
10011100000000000101100011111111
10011100010001011001111001011000
10011100010111100111000110010100
10011100011000011001100111010010
10011100101010110101000101101010
10011100110000111101101101110000
10011101010010011111010111011110
10011101010100101110111011000010
10011101010101111011001100011000
10011101101110010100001010010000
10011101110000010011110001111001
10011101110111001100110010111111
10011101111001110011100011101010
10011101111111110111101100010011
10011110011010001000100111100101
10011110111011111100101011010110
10011111010010110000000001000011
10011111010101011000110101110011
10011111010110100111101110101010
10011111111000001010111100111001
10011111111001010110110101100000
10011111111110001111001110111100
10011111111110101010011101000010
10011111111111000110110110101111
10100000000101011111010010111011
10100000001010100011011100101001
10100000110010010111100000000110
10100001000111010110010110011100
10100001010101101000111010001101
10100001010111111111011110010110
10100001011010001100010111011100
10100001111001010001110000111010
10100010001000110001100000100011
10100010001011111011000111000100
10100010100011101011100000101001
10100010101001001000110110011011
10100010101010100011100001000111
10100011001110010001001111110010
10100011010111110000010011000011
10100011100111110010001111101010
10100011101101101011110111100111
10100100000000011000101011010011
10100100000000100011110011111111
10100100000001101100100010111111
10100100001000001100010110100101
10100100001010010001010111000000
10100100010011011000000010100010
10100100011001110000011110100010
10100101000110101101100011100100
10100101011100011111010010111100
10100101100010110101011101100110
10100101101110010111110001111101
10100101110011000000010010101101
10100110000111000001000110001100
10100110001010001101000011011010
10100111000000000100000000001000
10100111010010010011100001001000
10100111011101000001111111011010
10100111100000100001100011101111
10100111110010011111110100001000
10101000011101100001011100110100
10101000011101100100010011110010
10101001011011100101011011010111
10101001100101001011010100100000
10101001101110000000100101000110
10101001101111000111110011001101
10101001110110100110000010100011
10101010000000000011011101100000
10101010010011001000110100001010
10101010010100000011100111110100
10101010011011110010011011101010
10101010100100010100110101000011
10101011000000010011100010101110
10101011000010001100111011111100
10101011000011011101100101000111
10101011000101011111010010001100
10101011011010101010011100001001
10101011110000100101111010010110
10101011111101010101101111001001
10101100000100111010011101110011
10101100100001101001101111101000
10101100111000110101101010010011
10101100111010111001001010000110
10101101000000001000000111000001
10101101100000111011101100111100
10101101110010000111011001010001
10101110001010100001000011000101
10101110010011101100111000010101
10101111101001010110110101010100
10101111111010110100101010100110
10110000011101101100111011010101
10110000100001001010111100010110
10110000111111110000111011110001
10110001001000110100011011100100
10110001011110010010101011011001
10110001011110101001000010110011
10110001101111011111000101110101
10110010000010010000111010010111
10110010010011100001110111000001
10110010010111111111001111100010
10110010101010000110010010101001
10110010111001010101011010011110
10110011011111100110011101011110
10110011100100110011111110110101
10110011101101100110100000100011
10110011110110011111111101011000
10110100000010000110111100101000
10110100010001011110101110010100
10110100010111010000110110110011
10110100110010011101110100010101
10110100111111000001100100001010
10110101011101011000011001001110
10110101110110110110110100001010
10110101111001011101101011000001
10110101111010100100100000011111
10110110000000011100110001000001
10110110011011110111111000001110
10110110011101101111000110111011
10110110100000110000100110101001
10110110101101100010011111100010
10110111010011111000110010001101
10110111010100110010011000010111
10110111011011011001100110111001
10111000110100101001101111001000
10111001000111001001100100101110
10111001100001000100010100011100
10111001101000011010010011001100
10111010000110000111001011010011
10111010100010111100010110010111
10111010100110101000011111111010
10111010111110010101111000110111
10111010111110101010101100101011
10111011000001011000010101000111
10111011100101111110010000101011
10111011110011101110110110011000
10111011111110001000011111001111
10111100000001110101111111010111
10111100011110010000011110010101
10111100101000100010100100011100
10111100110001001001100001010100
10111100110010000000011011001001
10111100111010001011101111001101
10111101001101100011110100100101
10111101101000010101010010010000
10111101110111110110101111001110
10111110001100001110110010011000
10111110001110010100000111111000
10111110010010010011010110010000
10111110100011101100100110011011
10111111000010110111101101011011
10111111010010111011101011000011
10111111100010101000100100111110
10111111111101000000111100010111
11000000000011100011101000111110
11000000000111100110100111111011
11000000001011111110110001010001
11000000010010010101011111110110
11000000011100001010110000000001
11000000011100011010000101110011
11000000100010000111001101101011
11000000111001010101000000110011
11000000111010101011001110111001
11000001000001010110101100001001
11000001001010000001000100010101
11000001001101101101011110011101
11000001010111010001000001111000
11000001100011111000001101100011
11000001100111010100100111100111
11000001101111110100111010100001
11000010100000100110100111010000
11000010100011010010101100010100
11000010100100110101100000010110
11000010101011000111100001001110
11000010110111010010011101111110
11000011011000011000100110100011
11000011100001100100111011100100
11000011110100011011010111101100
11000100001001111110011011001110
11000100011000011101110100101010
11000100011000110100100000111110
11000100101010010011001001001010
11000100110101010000110100101111
11000101000001100010000100101010
11000101010001111110011101101000
11000101011001100001111010111000
11000101011011011110100100100100
11000101011101110011011101111010
11000101110000110001010001101010
11000101111001001101000010100110
11000110011100001011010110111101
11000110101011001111010100011010
11000110111000110101011010001000
11000110111011100101000011000010
11000111011000110011011111000000
11000111011001001101110101000101
11000111111110001100110000101101
11001000000101001010000111000011
11001000010110011111011110001111
11001000100101000011101110111110
11001000110110010001110010011010
11001001100100101011100001100110
11001001110001010100110001100011
11001010010110110101100000001000
11001010011101101000101101100001
11001010101000111110000011001100
11001010111011011101111101101011
11001011111000100000000001101111
11001100001111111011101011011010
11001100110001100110111011001110
11001100110111110001001101100010
11001110100100100001100101001101
11001110110011011001110111101000
11001111010111100000000110000111
11001111011100001000101101111111
11001111100010011000011101001101
11001111101010010010001100101100
11010000000000101011010010000010
11010000000001111001011101100110
11010000010011110110100101111100
11010001010110000001001101111011
11010001011010111010011100100110
11010001011110001101011110001010
11010001011110011101000011110001
11010001111010111011110001100110
11010010001000110101111100110001
11010010100011111010000001111100
11010011101001011001111001111000
11010011101110010100101111110010
11010011111101110010111110110111
11010100000110111011111001001001
11010100010001111001100010110010
11010100100010100111111110101011
11010101001101100100011001101111
11010101010001001011001100011110
11010110010100010010000100100100
11010110101001011100011001111011
11010111001101011111000010010111
11010111010101100011001000011001
11010111010110100000010001111011
11010111011010011001001100000111
11010111110110111101011001001001
11010111111001010001101111010101
11011000001000010001100010011101
11011000011110001010001111101000
11011000110011100011011000111110
11011000110100100011001111011100
11011000110111010000001001010000
11011001100001110100100010100110
11011010000010110010001110110101
11011010011100010000010011100100
11011010101011101000010011001111
11011010110101101011010111111011
11011010111010011001110010101000
11011011001111001011100011100001
11011011001111101011110110011010
11011011011101100100101110110110
11011011100011111101011101101000
11011011100111111001100001001101
11011011101011100011010110001111
11011100000000111110100110101011
11011100110110000011101010110110
11011101001110110100110000110011
11011101101111111001000100011110
11011101111000110000011100010111
11011110000111111011011000100010
11011110011001111111111000110101
11011110011011010001011101101110
11011110100011001001111110010010
11011111100111110010111011100010
11011111111001101101010111111101
11011111111010111011001000010010
11100000011011001010001010111000
11100000100000010010001110001011
11100001011011000110100001100011
11100001110100110111101000100001
11100010010011110100000110010101
11100010010110010000100110001111
11100010011111101110101100000100
11100010110101010000010000011111
11100011100011001011111000101001
11100011110100010001011010000100
11100100011010011100101000000001
11100100110000001010110011000010
11100101000000110100001101011000
11100101010011011110011110110011
11100101100010000000111000001110
11100101111100001010110010111100
11100110100010010111000001000010
11100110100101101100001100100000
11100110100110100110101010001111
11100110110011111111010101111101
11100110110100100110010001100000
11100111001011110110110100010010
11100111010001111101010000001111
11100111100110001101110011100111
11100111101101011111110110001110
11100111110001110000111111110000
11101000101101011111101101000100
11101001001111001100011111000001
11101001011010011111111010000100
11101001100000101110010011010011
11101001101100101000001001111111
11101001101100101010111110001100
11101001111001101100001011111000
11101010000111110001101101111010
11101010001001101101011110000110
11101010001111111001111000101110
11101010010101111101010111010010
11101010010110100000101000101110
11101010101000111100110011101101
11101010101010101010101111001001
11101011000000011111111000000000
11101011000110100000111011111100
11101011010011111100010000001011
11101011101011111001001001100101
11101011101110111111111000001100
11101100000010010110001111100010
11101100010110010101000000100111
11101100011110101100110001111011
11101100110001101010111000000110
11101101011010001110110110100011
11101101100001011100000101001100
11101110000001011110100000001100
11101110000110001001100101111000
11101110010110111100110101001100
11101110011000010101010000111010
11101110110000100111111111000110
11101110110101001011101001001001
11101110110110010111111001111000
11101110111001110101101001101100
11101110111011101101100110000000
11101111001010101100111110000001
11101111011111110101001100111010
11101111111001010101100111101011
11101111111100010101010110100100
11110000010111011111101000100001
11110000011110110101001001100110
11110000100011100111000010011101
11110000110100110101110001011011
11110000111101011111100100000011
11110000111110000101111111010000
11110001001110000000000011000000
11110001001111100111001000100111
11110001110010000011111000111111
11110001111000100100100110010001
11110010010001110110000111111001
11110010100000011110000111000110
11110010101010010000110110110100
11110011110001111101010110010111
11110011110010000011101110111111
11110011110100111101011111011100
11110100000001000111011011110011
11110100001110101011010000001011
11110100100110111111101000011001
11110101000100011101010001000001
11110101011001010100010110011110
11110101110100100001110011110100
11110101110100101101111110110101
11110110000110100011011101001010
11110110010111001010101100000100
11110110101001011001100101100110
11110110101101001110100010100111
11110110110010011001111110010010
11110110110100001101100110011101
11110111110101011101100101001100
11110111111101100001110100001110
11111001000101101110111011110100
11111001001111111111111101000000
11111001010000001011001111000110
11111001011011110001000111110010
11111001101100000101011010001100
11111001110001001001100010011000
11111010011000011101000100000111
11111010111000100010100000000011
11111011000000011001100011011101
11111011001011011010001011011011
11111011001111100101111101100100
11111011101011010110110101101001
11111011110001011110110001001000
11111100000101111011111101010110
11111100101001001100110010000001
11111100101100001010001101010000
11111100110010111010100001100101
11111100111111011110000111110011
11111101010000001101011011000010
11111101011100100010101010111000
11111101011111111101000101111011
11111101100000010000111001010001
11111101101111110100110100010001
11111110010001001001110001011100
11111110010011011110100100011000
11111110011011100110001100111111
11111110101010110110111110111001
11111111001001110011111000010010
11111111001110101000100011100001
11111111001111111011000110010010
11111111010100110000110000110001
11111111011000011111001000000010
11111111100110000011010000111101
11111111110010100011000111101000