00000000000011001111100111010000
00000000001101001110001110001001
00000000001111011100000111110011
00000000100101000000000011001110
00000000101100011000110010100100
00000000101111110110101110100000
00000000110110101010100111011101
00000001001100101110101010000101
00000001100001011010010011011011
00000001101001011011000111100000
00000010000111101001011100001100
00000010001010001100010000000101
00000010100101011110011111000010
00000010101001101111010100101110
00000010111010000001100011100110
00000010111111111100000000111010
00000011011010110011111101010111
00000011011100111101011101010101
00000011110101000001001001100010
00000011110110110010000110000001
00000100010100001011010101000110
00000100111000011011000101011100
00000101000110000110001011001010
00000101100010000011111101101111
00000101100101000101000010100010
00000101101000010001010011100010
00000110000000011001010111000010
00000110010111111011110010000001
00000110100100100101101111000010
00000110111111111010000001110100
00000111000110111111011001000001
00000111010011011000000000001101
00000111011101000010000010101101
00000111100101010110000000000000
00000111111010100110100010000110
00001000001000101011011110111101
00001000011111100001010011110101
00001000100000001011011011110011
00001000111100001001100001110000
00001001010111110100010100001100
00001001011011010000011001000111
00001001101101001000111000100000
00001010010101100110001111010011
00001010010110000001110110101001
00001010110110100110110110110000
00001011000100101011000110010101
00001011001001000000000110100100
00001011011001010001100000011011
00001011101000100011011001010111
00001011110000001010001001111100
00001011110101010100101110011011
00001100001011000011000001001000
00001100111011010101111110110101
00001101010100001101101010011000
00001101010111100111010110100011
00001101100010110011101111101010
00001101100110101001110111100110
00001110000100001001001011010110
00001110001110010010011001110011
00001110011000111000010101100100
00001110011101111001011000000110
00001110100011110011001111000001
00001110101001001110100011001111
00001110101100011011111111110001
00001110111000000010000011100111
00001110111101010010100100101011
00001110111111000000001000011110
00001111010111010011100110011000
00001111011111001011010110000110
00001111101000110101001100011000
00010000000010010111001010110011
00010000101001011101000111000010
00010000101101011001111011010110
00010001000011100011111111100100
00010001011110111100000100101100
00010001011111001111010110001100
00010001100011001001110000111100
00010011011000010100001101001100
00010011100111111111001000010010
00010011110000010100111111000100
00010100001000101101001111000110
00010100001001010111111000110101
00010100001010111001001010100101
00010100101001100001010010101011
00010100101001101100011010011100
00010100111001000100111100101100
00010101000011111110110101111001
00010101010011111001011000111010
00010101101010111100110110010110
00010101111010010111010011011010
00010110001111011101101011110111
00010110011111001110110111101001
00010110101001011010101001001001
00010110101010101101001100001100
00010110101101100001101110011100
00010110110111001101101110100101
00010110110111010001010110100111
00010111001010110101111000111010
00010111011000110111101111100010
00010111011000111011010100000001
00010111011011001101001000101111
00010111110110011100010101011110
00010111111010001010011010010011
00011000010010000110000010010001
00011001001010000100101110001101
00011001011011010000110100101001
00011001101011110001010010100111
00011001110100011000011111000010
00011010101001000001011100010010
00011010111001011010100010011010
00011011010011000100111110000111
00011011101101111001011000111111
00011011110100010111101010011110
00011100000011010101000100010100
00011100100000001100101101101110
00011100100010000001010001010010
00011100111000000011010100101011
00011101001111001011010111111110
00011101110101001101111100011001
00011110000001011010111100001100
00011110010111110011010101101100
00011110011101010000010001111010
00011110100111011100100001010111
00011110110110100000100110101010
00011111001001111000111011111111
00100000000001101100111111101000
00100000000101100111110001000101
00100000001000110100001011001011
00100000010010011110001001011011
00100000011000101111001011100001
00100000111110100010011011011101
00100001100010011101100000001111
00100001101110000111010000111011
00100001110000101110101110111101
00100001110001000001000100000010
00100001110110110110100010010011
00100001111111011001101001011100
00100010000100001100010000111000
00100010110100001010111010110101
00100010111010101101111111010111
00100011100000011010111001100100
00100011111000001100111110111100
00100011111000011010000111011001
00100100000011111111110001111100
00100100001100100010111110110000
00100100100011101010111110111011
00100100111011010110110111100010
00100101000011100111100101100110
00100101000101001001111100010100
00100101010101101011001111011110
00100101100001111101000111111111
00100101100110011001011000000101
00100110100110111011001100010101
00100110111111100111100001011100
00101000000000000000111110100111
00101000010101001011001011000110
00101000011010111101010101111111
00101001101100010100011001111011
00101001111011001101100100100010
00101010000100110101110100100101
00101010000101001011000101101011
00101010100110101101111000001000
00101010101001110011000001101010
00101010101011001101010010101101
00101010101011111101110011101000
00101010111011101001000110101010
00101011000010100111111110011110
00101011000101110100001001110000
00101011001011001000100010010110
00101011011111101110110110011001
00101011100110101001010101111000
00101011101011001101111000100011
00101011111000111110101010100100
00101100010101110111010011111010
00101100010111100110001100111001
00101100100111010011110011011100
00101100100111100111100111011111
00101100101110110010010110010100
00101100110111111110111001001101
00101100111100000100101000010101
00101101011110011000110011101110
00101110000011010101001110101001
00101110010111010101000011110111
00101111000101000001110110001100
00101111001000001111110011010110
00101111010001100010110100010011
00101111010010010101110011001100
00101111111110000111100010001110
00110000011000001011111110010000
00110000011001110011000011011010
00110000101011010111100100011100
00110000110001100110011011101010
00110001001101100010101100110101
00110001111001001010011010101101
00110010000100000000001011101101
00110010011010111101010010010010
00110010100001001100001001110000
00110010100111101101001010000000
00110010101101101101110110100000
00110010111001011011111100111010
00110010111011101110100100101001
00110010111111101111100101010110
00110011000000010111110100100000
00110011000011101010010101011110
00110011010010100100110111111000
00110011010100100100111110111100
00110011101110110111100011111011
00110011110000101110110001111111
00110011110010100100111000011011
00110011111011100000100000101001
00110100001110101111100000011000
00110100100000111111000100001110
00110100110000101101111100011010
00110100111100011001001011110111
00110101001110001001101100110101
00110101010110100100010011001111
00110101100111001111001101011110
00110101101001000001101000110010
00110101101100001010000101110000
00110101111010010000111110011001
00110110001110111100100111101110
00110110010101001000010000110101
00110110011001110011000101010111
00110110011010011000101100111011
00110110100011011000000110010110
00110110101000100101000101110000
00110110110010010100011100110111
00110110111000101101110011100010
00110111001101000001000000011100
00110111110001001111110010011101
00110111111110100111100000000011
00110111111111011111100001110111
00111000000111000100110000100111
00111000001000100000011011101000
00111000001011000010000010001101
00111000001011110010100000110111
00111000111000100110010000110011
00111000111011001010011111011001
00111001011001011010111110001100
00111010010011101000110010010110
00111010110101100110001110100111
00111010111100011101001110101110
00111100011011011110011101110011
00111100011101011011111001101011
00111100101000101011011001001111
00111101011000111111100110101000
00111101011010100100100010011111
00111101110001100001111010010001
00111110000100001111111101111110
00111110101010100111011010001110
00111110110001110101110111101101
00111110110101111001111100111111
00111111000011000111011110011110
00111111100000110011001111110100
00111111100111110001011100101110
00111111111101010101110000000011
00111111111111100111101011100011
01000000000001100111110001010110
01000000010010001001111001100010
01000000011110111100111010000100
01000000100000110110000001000011
01000000100001010000011000001101
01000000101000110001000110001101
01000000111000111110000001110110
01000001110101011100000010111111
01000001111101101100101010001011
01000010110000010110100110101100
01000011010010001010100000111111
01000011100011110110101100110110
01000011100111000100011100101011
01000011110010010111100000110110
01000011110010100111101011111111
01000011111111011000110100000000
01000100001011100111010101010001
01000100010110111111110100101110
01000100011111011000101011111010
01000100111101001011101110001110
01000101000110000101110010011001
01000101100100011010101001001000
01000110000000111101000000101010
01000110011101011000111111110100
01000110100000010110000101000100
01000110100010011001001110101011
01000110100110001101011010111111
01000110101001110110011111111010
01000110101100010011111101101010
01000110110001010001010000100001
01000111000000000110001010010001
01000111001010101000101111010001
01000111001111000010111001111000
01000111011101111101010101101011
01000111100100100001011110011010
01000111101001011101101110011110
01000111110000101000001100010100
01000111110000101101100001001011
01001001001001011110000000000101
01001001010011101100011010001010
01001001010101010100100110001001
01001010000110011111010001010010
01001010001011000000011010100001
01001010101001001110100000100111
01001010101010100001011110101010
01001010101100110010011000000100
01001010111100000010001110000011
01001011010000110000010000111100
01001011011010001010100010111001
01001011011100011011001110111010
01001011110110100010111111001100
01001011111001100001000011000001
01001011111100100010111101101101
01001100000100100110110100111010
01001100000101110100001001101011
01001100000111001011110000110001
01001100010000000011100110110101
01001100111101111101111110011101
01001101000110110110000001100111
01001101011010101101111100011101
01001101101001001111010111100111
01001101110000101010011100101000
01001110001101011110100100010100
01001110010010010011100010010001
01001110011001010100001111011010
01001110110000101011001000010010
01001110110111001000100100000110
01001111000100111100010010111101
01001111011111000010100110110110
01001111101000101110110000010000
01001111110000110011110101011000
01010000000001010001010110011001
01010000000011100111100010101101
01010000010110100100011000011110
01010000100000101001010111010011
01010000100101010001101110100100
01010001110010000000110111010111
01010001110111001110010001100001
01010001110111011011101011011111
01010001111011011110111001000101
01010010110001111110001101000011
01010010111101110000001110101000
01010011100010101000001111011111
01010011110010111011101000010011
01010011111001110000011010000010
01010100010010110101000010011111
01010100110000101101100000001010
01010101000011110001100111101011
01010101101111010111001010110010
01010101110011000011111000001001
01010101111001010010100100011101
01010101111010100110000011100111
01010110001000000100011001111011
01010110100111110011111001000110
01010110110011111011110010000100
01010110111010001101010000100101
01010111000010001101000100011011
01011000001101001010101010000010
01011000110110110001100010000100
01011001000110011000011000001011
01011001001000110001001101101110
01011001111000000110010110110001
01011001111100111011010000101111
01011001111110001010101010111001
01011010000010100110111011100001
01011010011000010010011001101001
01011010011111101001011011011111
01011010100111010111111100011010
01011010110011000010100110111010
01011010110011110010011110001100
01011010111001101101001100110101
01011010111101011100110101110110
01011011011000110000110000001101
01011011011100111100011000100111
01011011111000001110011010001100
01011100011010101111011110110001
01011100111001011101010011100110
01011100111110000010111001010111
01011101011000110111110001010110
01011101110111011000110101110011
01011110001100001100101100100110
01011110100111101101001011101011
01011110101001111101010010100101
01011110101101111110011100001101
01011110110001010000111011001011
01011111000000011001111110010011
01011111000011111011010001010010
01011111000110001001010000000110
01100000000000100110110110010100
01100000001011000111101001001001
01100000011001110001100000010111
01100000111100011111010000111000
01100001000100101110000111001011
01100001000101100110010100111010
01100001011011101110010101001110
01100001111110101111101101100110
01100010100100001000110001011001
01100010111000111010100110110001
01100011001011111101101010111101
01100011001100101111000111001011
01100011100000001101010101000111
01100011100010100000011110001111
01100011101010001010100111101001
01100011111000001111011100010001
01100011111010010111000010000101
01100011111110000011010101101010
01100100000101110111011100100111
01100100000110001001011001010001
01100100001001001011101101100110
01100100001010110100101111110110
01100100010101110010111111100010
01100100100100100011001001100010
01100101001000100000111100010000
01100101001010100100100011000000
01100101110010011001111011001011
01100110000011000000111000110001
01100110000011111100001111000100
01100110000110000101110000001000
01100110000110011100111110010100
01100110100010101010110111000000
01100110110000000101001100110100
01100110110100101011101100010110
01100111010011111110011111000011
01100111010110101011101010110001
01100111100001100110010000110110
01100111101000011100111100011011
01100111111000010100000001011010
01101000000010111111000010001001
01101000010000011001100010101001
01101000110111101101111111000001
01101000111011000110110000010100
01101000111011011100100000101001
01101001000111010110000101000100
01101001011100101111111101000111
01101001101110100100110101011011
01101010110101000001000111010110
01101010111101101110010100000001
01101011100000001011110011000111
01101011110111111000100001001100
01101100100011011100001110010111
01101100110111010101000101001010
01101100111000000110011011001100
01101101001101101111100010100101
01101101010001010010000010110110
01101101010101010100110000101010
01101101101101110100111000011011
01101101101111010101100011010100
01101101110000001110111110110010
01101101110011101110101111010100
01101101111101001010010110100101
01101110001010010100010001110111
01101110001101101000101101011010
01101110010101011010010001100011
01101110010111100010001011101010
01101110011101100101110110111100
01101110110011111100110001110101
01101111001110101001001010100011
01101111010010111000000011110001
01110000110010011000100010100110
01110001001011010110110010100100
01110001001100110110111101110001
01110001101110010110111110100010
01110010000011100111101001101011
01110010011011100011100100111100
01110010100101111000101010110011
01110010110010101111111011111011
01110011001100100010111010101110
01110011001111100101001011010110
01110011100001101011011101010011
01110011100011101101010101011001
01110011100101110001000010011010
01110011110101110011001010001110
01110100100010101110000010000001
01110100111001101100101001110101
01110101100111011111100010110011
01110101110111001010010001101011
01110110000011001011111010100011
01110110010100101100000101000111
01110110100100000111011100001000
01110111000001101111100001011101
01110111000010101111101000100000
01110111010110001011111111000000
01110111011001110101000010110001
01110111100011011010101111111010
01110111100101100110001110011011
01110111111010000000110111000010
01110111111111010110110000100100
01111000000010100101111001010001
01111000001100000100010001100010
01111000101000010010000101100011
01111000101111000000001001101011
01111000110000011000101011011101
01111001000100111011101101101000
01111001001010101101110000011110
01111001001011111001010011010100
01111001001110001000001110111100
01111001010000111100101000100000
01111001100110000110111000101011
01111001101000001101010101100010
01111001110110111101011010110101
01111010011110010111011010100010
01111010101100100000011010010111
01111010110011100000010010000101
01111010111010111111010011001010
01111011000001101001010110010010
01111011110100011011100110101000
01111100001000111100101100101110
01111100001101010000001001011101
01111100010101100111001010011010
01111100100011011110110101001100
01111100111000000101010000000111
01111100111001010110001000100111
01111101001010000101100110110100
01111101010100111111100100101010
01111101110110111010101000110000
01111101110111010111000000110011
01111101111100000111000000010100
01111110010001100111000010000111
01111110011000001000010110100011
01111110011010100001100000000100
01111110101111000001100110100110
01111110111101100001011011000100
01111111001110000011001100100100
01111111110101011011011010011010
01111111111110000101110100001001
10000000010011101100010110011101
10000000011011011011001000010001
10000000011100000001010010010110
10000000011101001111110001100000
10000000111010100010001111000010
10000001000100100101110010110100
10000001001011011100111100001111
10000001001111001000011100101010
10000001100001010011100100010011
10000001100110011111000111000001
10000001101010011010101101101111
10000001110011000111010100001010
10000010100011101111100011010100
10000011000001111000111001011010
10000011000010100100001011010010
10000011001000110001000001110111
10000011001111011001010001010100
10000011110000011001011011111010
10000100100010000000010110101010
10000100111001110010011010110010
10000100111110001101100001110010
10000101000001111001000010000000
10000101001001111111101000110111
10000101011111001001100100111111
10000101111010111111011011110000
10000101111100101100000001110110
10000110010101001011101001011110
10000110101101101000110001101101
10000110110001100101101010111111
10000111000111110101011101101001
10001000011010001100101101001011
10001000011010010000111011100100
10001000110001100010100001101001
10001001000100010010111111000101
10001001100001101101011110111111
10001001111111111110100010111111
10001010001110101111110101000100
10001010010101000000000001110011
10001010100010000011001001000101
10001010100111110001100100001000
10001010100111110010101100111111
10001011001010000000111100001111
10001011001100011100001010111111
10001011001101111001111010101101
10001011100111011110010011111001
10001011111111011110011011001001
10001100000101011001101100000101
10001100100101011011000010110100
10001101011001011011110100011100
10001101110001001011100111101001
10001101111110101101111100011110
10001110000101000010001010100110
10001110000111100101101100110110
10001110010111000001111110001101
10001110101111101110011110100100
10001110110010110110000010010010
10001111001110000111111000010000
10001111001111111000010100101010
10001111010011010101000011000111
10001111100001001111100101101110
10001111100001101100001010101100
10001111110001111100011001101010
10001111111010101100011100111100
10010000001110000000111111010011
10010000100010011101000110111101
10010000111110010010111001011010
10010001100100111000011101001011
10010001101001101011011001000110
10010001110000000111010010001100
10010010000000110000101111001111
10010010000010010110101000111111
10010010011101110100101001111001
10010010100000011001101000010011
10010010100101010010000010000000
10010010100101011101001000011001
10010010110011101110011000011001
10010011010011001001101000001111
10010100110101011111000000101001
10010100111011011000011001010110
10010101001000011110010010100011
10010110010110100111010101111101
10010110010110101110000111000100
10010110011110100101111101000111
10010110100000110101100110110000
10010111001010011111010111111010
10010111010100100101001101110011
10010111100000011010100011001110
10010111101111011110000000100001
10010111110000011000101011010110
10010111110100111000110111110110
10011000000110101101101110010001
10011000000111100001011010111111
10011000001001001000110010010010
10011000010000100100000001000111
10011000100100111000010010000011
10011000110011000010010011111100
10011000111011001111100011010010
10011001000010100000011010010011
10011001001011100110100010010111
10011001010001010110110100010000
10011001011010101100011111010000
10011001011110111111111010111010
10011001100000101100100010011000
10011001100100001111010010011111
10011001110101110010010000000000
10011001111011001101011101011000
10011010000000000010101001111010
10011010000011110110100110000001
10011010011000100110011011111110
10011010110010011100100100101001
10011010111001001111110111010111
10011011001010100001011110110000
10011011100000100001001110100001
10011100011111011010101110111111
10011100101011001001010011100000
10011100110011100010111010001011
10011101010000111100110101001011
10011101100100110101110111011011
10011101101111000110010111111100
10011101110110010110100100010110
10011110110010001110111011010100
10011111000101111101010100100001
10011111010011100010100101101110
10011111101010101100010111010101
10100000001010101010001011100010
10100000110101000011101000111011
10100001000101100111111001111001
10100001001000100101011001111101
10100001001001110000100011001001
10100001010011011110010010111011
10100001101001011011001011000010
10100010001001010011111100110011
10100010011011001010101001001000
10100010110101010110110000101011
10100010111011110010000101010110
10100011001110011100110111100111
10100011111011110110110101001000
10100011111101101011001011010000
10100100001100111010101011001000
10100100100010110000000011100111
10100100100100011010100111101101
10100100110110010110001101011000
10100100111100001000100011000111
10100101001011011111011000110111
10100101111110000111111001100101
10100110000011110101111010001111
10100110001010111000000101001111
10100110100000110100100110010010
10100110101011011110011101000100
10100111000000100010010001110101
10100111010101000001100110111001
10100111111011000111110101000000
10100111111101000001011111100001
10100111111110001001111000101101
10101000000000100111110111101010
10101000010100101011001000111010
10101000100110100011000011111001
10101001000000111001100010111011
10101001110110101010000001111111
10101001111100110101101100100010
10101010001001001011101111100110
10101010101000101100010100011100
10101011000001110010010000011101
10101100110011001000101001101010
10101100110111101011010110011110
10101101001001111101001000000101
10101101100000010111111101110000
10101110010000001011101100000001
10101110011001110101110000001111
10101110101111100001101101111000
10101110110010101100000111111100
10101111000010001101110110011110
10101111111110100110111110100100
10110000011010001000010010100010
10110000011100000110000101010111
10110000101010000011001010100010
10110000101011011100101101001010
10110001001001000001110010001111
10110001100010011110111100100110
10110001111001001110111010110101
10110010000010011000101011000011
10110010010100011111000111101101
10110010101110110010001011101000
10110010111111101101111001010111
10110011101000101001001000011000
10110011110010011100011011000010
10110100000001001010110001111101
10110100010011110111001100001001
10110100100011111001001110010011
10110100101011111110100001110001
10110100101101100101000001001000
10110100111110100010111000100100
10110101001010001111011011011111
10110101001011010101100011100101
10110101101100010010001010110101
10110101101100100000000001000001
10110101111111100101100010011001
10110110010001010100000000111000
10110110101111001001000111000010
10110111000000000001101110000101
10110111010100110001110010000101
10110111100100011101001010001101
10111000001000110110010111110011
10111000010100010101010100001011
10111000011000100100110001100000
10111001001010000000100101001010
10111001001011011101111011010110
10111001101110011110111011100011
10111010001010011000110101101110
10111010010011000111000110110001
10111010011110101101110001100101
10111010100000111100011000001101
10111011000010000101110011001010
10111011001000000111110111100111
10111011011001011101001000100011
10111011101000101011000010101011
10111011110101000000110010011110
10111100011011110110010001000001
10111100101001101000101100000000
10111101101101111000010011111011
10111101111000101100010110011101
10111101111010101110011111001101
10111110000110110111001110010001
10111110100001101100011010100111
10111110110101000100111000100111
10111110111000100101110100110100
10111111001000101000001000000000
10111111011011100011100111101101
10111111101001011000101000100101
11000000011110011110010101001011
11000000101000010101100110000010
11000001011011110110000111101101
11000001011111100110101101110101
11000001100010000110100101100101
11000001100110011000101000001100
11000001111000011000011011111101
11000010000100100111111111111101
11000010001010000110111001111101
11000010101110100000110111111001
11000010110111111101001100111100
11000011101001000000001111101101
11000011111001101010101011100001
11000100010101111100011000110010
11000100011000001100110101000000
11000100011000010110010011111001
11000100110011110100101111110101
11000101011000111000010000010111
11000101101011001110101100111111
11000110001111110100111110010110
11000110010000010100111100100100
11000110110001010100111011110011
11000110111010000010010001111110
11000111001100111000111111111001
11000111010010100011111111110000
11000111100101000100001101111110
11000111110101110011010111000000
11000111111110100101010101011101
11001000010001100000110000011001
11001000010100000101110010000111
11001000011001000101000010100110
11001000110101010011010110000110
11001001010100000111100000001011
11001001011111000010001001001010
11001001100101011111100001000011
11001001101110001001011010001101
11001010011010101111101010101100
11001010100100110100101011101111
11001010101110011100100100111011
11001011010100000110110000011101
11001011101011111000001000011011
11001011110011011110110000110010
11001100000000010111000010011100
11001100001011111000000110100001
11001100001100001111100101000000
11001100001110101100010010100110
11001100010000001101110010010011
11001100011000111101010001111010
11001100011110011110100101101001
11001100101000001010101100101010
11001100110000100111101111010011
11001100110101001100011111010011
11001100111100001000000101011011
11001101001100010010010011101101
11001101010111000110110100110101
11001101011000101110001000110101
11001110000100001110001101100000
11001110010011110111010111111010
11001111000010010010101101001111
11001111001011011100010011110001
11001111001100010101011111111010
11001111100001110011101100110100
11001111101011101010000000111010
11001111101100010001011011110100
11001111111100001111110111010100
11001111111101110111001110011111
11010000000100010101001001111110
11010000001010101110111011111101
11010000010000010100100010100101
11010000011001100110100100101000
11010000101110110100100000011001
11010000110101110011111001100111
11010000111000001111011010100100
11010000111100110011111001011000
11010001001000000111101111000011
11010001101010001001011000000000
11010010001011011001001010101111
11010010011111110110100001111110
11010011010100110111100101100010
11010011100001101000011101110011
11010011100101111110011110101001
11010011101011101011001101111110
11010100001110111010110001000101
11010101000100101000001010001101
11010101000111101010011110011110
11010101001001011110111100110011
11010101001100011000101111000101
11010101100000110000111100000110
11010101100110000100110000101011
11010101101110010110111110111101
11010101111000010100000111011000
11010110000101111110000011110100
11010110001000001100010101101110
11010110100000010000001001001111
11010110101001100110010000001010
11010111100100110101010101011101
11010111110011001001111111000001
11011000000000101101000011011110
11011000011101011001111011111100
11011000110111000100100001011011
11011000111100000110010000001101
11011001000001111001100010100010
11011001000011111111000000100011
11011001100111010010101010010001
11011001101100011101000000101000
11011001110011000011001101000101
11011001110011001110011000100101
11011001111001101010010110001110
11011010011000111110000000001011
11011010100101001111011101011110
11011010100101100000011000101010
11011100000011110100110000100110
11011100111011111111001001110110
11011100111100011001101111110111
11011101001111000110101101111000
11011101001111100000011110011010
11011101011100011011100011000000
11011101100111001100111101111001
11011110000000010100011011010011
11011110000101010001110001000101
11011110001111000110110011111100
11011110011010110100111101101110
11011110100111101011001011110111
11011110110100001011110111101111
11011110111100011111011010111011
11011111010101111110001100000111
11011111101111110101001011001011
11011111110001000101011000111111
11100000010000110100001001011101
11100000111000010010000111000111
11100001010000010111111111100101
11100001010100001111010011101111
11100001101000100111100100001110
11100001110110011000111110001100
11100010010010000100001011100011
11100010011100100011011000111000
11100010101110000001100010110101
11100010111001100111101001011011
11100011000000000001010110101111
11100011000001001000111110001100
11100011010100110010110110001010
11100011100100100000111001000110
11100011100111101011000100001001
11100100011101011110000001110111
11100100011111101000001011001010
11100100111100000110010111010011
11100101000100000100000100000110
11100101001111101001010100000110
11100101010000000101000111110011
11100101100000010111011100101011
11100101101111100110111101110111
11100110101100010000010101110000
11100110110000000100001111011110
11100110110011011011001001001001
11100111100001010101011001101110
11100111100001101101110101111110
11100111100010010011111010011110
11100111100110000111101100010000
11100111110111111111111110100101
11101000010111101010011010100101
11101001011010110101110110111101
11101001100100111010011101011100
11101010000110000101000010011101
11101010100010110100001110101111
11101010100101001001001000101000
11101011000001111111011101100111
11101011001000011011000111110011
11101011001101111011000111111000
11101011100101101110011101110100
11101011111010010111011101111101
11101011111110100011001110111111
11101100001011001011010101001000
11101100001110000101010000110101
11101100011101101110001001010000
11101100101100111111011010100000
11101100110010111001001110010001
11101100110010111011101101010111
11101100110010111011111011001001
11101100111011010101101111001011
11101100111100010010010010110100
11101101001000100111110110001110
11101101011001010000011001101011
11101101011011110001110111100000
11101110000000001110101100101111
11101110011010001110110101111101
11101110110010101110010100101011
11101110110111000110100101111000
11101110111101000101111001110010
11101111010000010011010110100000
11101111011111100110011101010100
11101111100000011111111000000101
11101111111110111100001011001000
11110000000010000011010110111101
11110000001010001111111011010010
11110000001010110001110001100100
11110000100010101100100100101111
11110001010010110011111100111010
11110001100100001111111000101111
11110001101100000011101010110001
11110001110110110011110101000011
11110001111010101010011100001110
11110010001010010111110001001111
11110010010101011110111110001111
11110010011001110000000101101000
11110010011110100111100100000101
11110010101110000010101000101100
11110010110111100011011111001000
11110010111010010000110001010101
11110011011001110010001010010111
11110011100001110000000000000111
11110011111001000000011000111100
11110100000011011011010101100000
11110100001011110001110110101011
11110100001111110010110110001001
11110101000110100101001010000010
11110101001001000010001100100111
11110101010000000011011010011010
11110101111011111011011111011010
11110110011100010011000010101010
11110110101100110110111101101001
11110111001011100111100110100001
11110111101110100011110011101010
11110111101110111011100100011101
11111000000010101011101001100010
11111000001010011011101001101110
11111000001011101100100000000101
11111000100101011011100101001101
11111000100111100010111100011010
11111000111111000111011110011100
11111001111100111010010111010010
11111010010110110000110000011111
11111010110111100010010010101110
11111011011001111100010000001110
11111011100111001001010001101001
11111100000001011110100100000101
11111100011011011001000110010111
11111100111000111101101001001101
11111101011101110111011101110100
11111101100100010011100010100001
11111110001101000101110101001111
11111110001111011100011111011100
11111110010111000100011001110101
11111110010111101000110010001110
11111110100001010000100101001100
11111111000100111110011001110010
11111111101101010110110110011111
11111111101110111101000010101100
11111111110101011110101110110000
11111111111000110010011010101110