00000000010001011000110110000111
00000000010011111011110000000000
00000000011011000110011110110110
00000000110111011010010011111101
00000001001100100101101111011110
00000001010000010101101000010111
00000001011100101101011001111101
00000001100001100000001110111111
00000001100101100011110111101111
00000001101010000010001001001100
00000010010111000011001110111111
00000010100011000110100010111100
00000010100110100000001000101101
00000010101000001011100000011100
00000010111110001100110100101000
00000011000101010011011001000000
00000011011100110001111101000100
00000011011101001011100101110011
00000011111110100010110011011000
00000100010000010011001001011010
00000100101000011111110100010001
00000100101010111000110001010100
00000100110001010011110010110111
00000101001010100101000100101011
00000101110111110011000011110110
00000101110111110100010000010111
00000110001100010011101000111011
00000110001111111000010110111111
00000110010111110001011011111110
00000110101001001100111001111000
00000111000110001011000100110011
00000111000111000100000010100000
00000111000111010111010010011000
00000111000111111101001011110111
00000111001010010001011110001011
00000111110101101000101100111101
00000111111010001000010011100110
00001000001011100010100110011001
00001000010010110011111110111001
00001001010110101100110110100110
00001010001110011100000100010111
00001010110010101101111001011100
00001010110110010111101111010000
00001011100001000011110011100001
00001011100110101111111001110110
00001011111101101001101010011011
00001011111101110010011110011010
00001011111111000100100111111011
00001100000010000010000001100110
00001100110001000101010011010001
00001101000010001110110010100100
00001101100001000010101001111111
00001101101011100101110010110100
00001101111110100011100101100001
00001110001000010111001101011110
00001110010010111010111001000000
00001110110001110100110100111100
00001111000101001000000010001010
00001111011110001011000001001110
00001111100110100000011001100111
00001111110001011010000001111101
00010000000101010101100000001001
00010000001011110001010101111010
00010000010111111111011101110111
00010000011011001100111111000111
00010000101111010000100101110100
00010000111000101010110110001111
00010001100001000101110101111001
00010001101111001101101101000010
00010001110000101100111110000101
00010001111100101110011101010101
00010010001110100010000110010100
00010010100011111110010010001100
00010010110100111001101010010100
00010011000010101000001110001101
00010011001000101111111001111101
00010011011000100010100111110100
00010011100110001000110011101110
00010011101111000000011011000100
00010011111010001001001001101110
00010100100010110101000000110010
00010100111110101100000101000011
00010101010111100001001110000001
00010101011011000111011110000010
00010101011011010011110100000110
00010101100000101100011010111110
00010101111100000000001101011111
00010110000101010101110000100011
00010110000101100000110000010110
00010110011001001110000111101000
00010110101110111010100000011011
00010111000100000101001011110011
00010111011001001101010010010011
00010111100011111011111111110000
00011000000000001010000010100000
00011000000000111001010100101000
00011000000111111000111110000011
00011000001011110111000001010100
00011000010111100011110000011000
00011000011110010110100001001000
00011001000111111001011000110001
00011001100000110000101011101000
00011001100100011110011011001100
00011001100101001000101100100100
00011001101010011100000010100101
00011001110011101111010111001110
00011010001101010110001001111000
00011010100110110111000110100000
00011010101010011100110111111011
00011010101101011101111111100001
00011010110010101110111011000010
00011011111001010000101110101111
00011100110010010000010010111100
00011101000000111001011010001101
00011101100100011010110111110100
00011110101000110100010110101001
00011110111110000100010010110001
00011111110110111111010010101111
00011111111011111110010111000100
00100000001010011010111001011100
00100000001101101011111011111000
00100000010000100000111101001001
00100000100101011011101111001011
00100001011011101011000010011110
00100001110000001011001011011100
00100001110101000101101100011111
00100001111110110111000010010101
00100010000011011100111000110011
00100010001010111001111100010000
00100010001101001101000011110111
00100010010001100111100110111011
00100010011010100000110000010110
00100010011111101010110001011101
00100010101100010111101010100111
00100010110100111110010010101100
00100010111100011010010111110110
00100011000010101011010100101001
00100011001010110111001101010011
00100011010001110101111011101001
00100011011101011110010101110110
00100011101000001101011111011111
00100011101100011110000000101111
00100011101110111010110000100101
00100011110100001011110001111100
00100100010110110110101111100101
00100100011101011101000011011100
00100100111010011000010000111110
00100100111110111001101010011101
00100101011011011110001001110000
00100101101000010011010111010111
00100101101001100011100100101100
00100101110110011011011111011100
00100110000011010110010101010110
00100110010110010010000001011001
00100110110010111101110110011110
00100111000011010010000100001111
00100111010000011110011111100001
00101000001000100100001011010010
00101000110101000100110010111111
00101001010010011111011111000010
00101001010110011110101001100011
00101001110110100100101110011111
00101001111101101101000101110101
00101010010110101100001001010110
00101010100101111011000010110011
00101010110001110000001001011100
00101010110100111101100111001010
00101011000101010100011100101110
00101011000111001110100111111011
00101011010010000100111001111110
00101011100111100011110011110111
00101011111000000111010011010100
00101011111010111100101101001000
00101101011010110001011010000011
00101101011111010011101101110011
00101101110100010110011111010001
00101110000001000110101011111011
00101110010000001101110111110101
00101110011001111110010010000110
00101110110101100101111101011111
00101110111001110000011110101000
00101111001010001100000011011000
00101111100010000101111001101100
00101111101000111011110110100010
00101111110111011101101101001011
00110000010110001011101000001100
00110000100011010010011111111001
00110000111101000010100101011000
00110001000000001111110010011111
00110001000110000100000011001101
00110001010010001001010000101000
00110001010110100110100011011110
00110001011010100000110000001000
00110010011011001001110001101000
00110010101011010101111001111010
00110010111011110000100010010111
00110011000000000000000010000110
00110011001111101111100011100101
00110011100011100101100111000111
00110100011010100001111101010001
00110100011100011010001010000010
00110100101000111110000010101101
00110101000110001010110010001001
00110101001101110101010101000011
00110101100100110110101100110110
00110101101000000000111010000101
00110110000001100011110000011011
00110110001010101011000010001010
00110110001101111110001010111001
00110110011000000100100010100111
00110111101011100100100000011101
00110111110111100010111111110110
00111000000011101001010001010000
00111000100011000110111111011001
00111000101101110001110010011011
00111000110000001110000111011111
00111000110110001011101110111011
00111001101000110000110001111100
00111001101111100110111100010010
00111001110101111001110110101011
00111010000101001001111111010111
00111010001100100001111001000000
00111010001101001111011111001111
00111010100101011110010001100111
00111010101100101011101111111011
00111010111101101001110000110010
00111011110011001010001011101010
00111100000100011001110011010011
00111100111001000000001000000000
00111101000101111110111011010111
00111101010001101001000100110100
00111101110011011011010101100111
00111110000011100110101110000000
00111110010100010001010010010110
00111110011100110100101001101010
00111110100001011001110001000011
00111110100111011100111011011111
00111111001100110101110011001001
00111111011010010010100111001011
00111111111011011010011110100011
00111111111100111111011001001111
01000000001100001010000000101100
01000000011010010011100010101001
01000000110110011110101111101000
01000001111000000110001110011101
01000010000101001101101111010011
01000010001110110101001010011001
01000010010001110100001110000001
01000010010100000100010010100010
01000010101111010110000001010000
01000010110000010110010101101100
01000010110011101101000100010010
01000010110110111011001110010100
01000011001001010101010111111110
01000011010000110011011101110110
01000011011001010111010100011001
01000011110011000101010001100100
01000100001000001001001100001011
01000100010111000110000001011100
01000100110110001110000001000010
01000101000001110010100101100010
01000110000101100100011110100000
01000110101111011011101001001110
01000110110001011000111011011111
01000111101000111110010111001101
01000111101001101101101111111111
01000111101011101100000110001111
01000111111000001100110101110111
01000111111111001001111000010101
01001000001001011100010001011010
01001000101011001110010100011100
01001000110001101010010010101101
01001001000000110111010111110001
01001001011111011101110110111101
01001010001011000010110110000011
01001010011110011101000010011011
01001010100000000100001100111100
01001010101110100101011000001111
01001010110011001010111001100011
01001011000100110000011001100101
01001011001111101011110101101101
01001011110011000001100111111010
01001100010001010101100111100011
01001100010101010111110011100001
01001100100000000110111111010000
01001100101001101111111100100100
01001100101110011111011111011101
01001101010001100000111111000110
01001101011111010111111101110110
01001101101101011010101111100011
01001101101101100100001100011110
01001101110000111010011100000001
01001110011111011101000001100100
01001110110011010011001100000100
01001110110111001010110001110101
01001111001011110001010110010000
01001111010010110101011001110001
01001111011111000111000000111100
01001111111110110001001111111101
01010000001101101000001001010000
01010000100111001011110010111100
01010000101001001000010111011100
01010000110110011000111000110010
01010001000010001001000011111001
01010001000101011001001110001011
01010001001110111111110010000000
01010001010000001111000010101111
01010001010000110011000100000110
01010001011110011001100010010110
01010001101001100110011110100111
01010001101011001010111010010000
01010001111010001100000101101111
01010010011010000110001111011110
01010010011111010101100001000010
01010011000110101000111101100110
01010011010010010000001101110100
01010011010100011100100001110100
01010011111001111001000010010101
01010011111011100100011111011110
01010100100101011100100011010101
01010100101000001000010010110100
01010100101101110101000101001110
01010101010001010101100000000111
01010101011010010101010010110110
01010101111011111111110111010100
01010110000010011010100101100010
01010110010100011000001010101101
01010110010111101001000101011000
01010110100101110001000000100010
01010111010110000010110100100111
01010111100001111100110110010011
01011000000110000101111001011011
01011000001010100010100101001010
01011000110111010110010101110110
01011001000110110100000011101110
01011001001000001011111000110110
01011001001001101011010000101100
01011001100010011001100000010110
01011001100101000011001110000010
01011001110001011101100111101001
01011001110010011001100110010001
01011010001100001110111000110001
01011010010011011010110010000011
01011010010100111101100001001010
01011010011010011111111110100101
01011010011111000100000110111110
01011011100000111110001101101011
01011011100100101100001011010100
01011011110000100010111011011110
01011100000011110011101100010001
01011100111110011011101100100101
01011101000101110101111101110100
01011101011101000010000010100100
01011101101001111001111110100100
01011101101011010110011110000101
01011101111000111000010000000100
01011110000111101011101000110101
01011110001111101110011110111010
01011110010111111011001101100101
01011110011100001110100000001000
01011110011111100111101011001000
01011110101000100011001001000000
01011110111001011111111100100100
01011111110011010111111010010000
01100000000010001010110001011111
01100000011011111111110000000101
01100000110000101101110000011001
01100000111101110001111001001001
01100001101001101001000001001011
01100001110011111101100111101111
01100010000000101101100111101011
01100010000110110100100111111011
01100010011101011010100000110101
01100010100100000111111001111111
01100010101110110111111011100110
01100011001110010111100011001000
01100011001111100001111101000100
01100011001111110110110111011110
01100011101111000111111100010011
01100100000000100111100000111101
01100100000110000111011010100101
01100100111010110000010011010111
01100101010110110110111111001011
01100101011101111100101100010100
01100101101010001001101110101010
01100101110010111011001010101100
01100101110011001011011010101100
01100110001100011000110101011011
01100110011111100001000011101110
01100110100000111000110000011000
01100110100110000010010100101111
01100111011001100011101001101111
01100111100001001110011111001110
01100111100111110000110011011011
01101000001000111110001001000100
01101001101010000110001101000000
01101010010011001101111100111011
01101010110101001110100000010001
01101011010011100001001110111000
01101011010110111111110100000010
01101011011000100101111100110000
01101011101010100011110100110101
01101011110000000111001110101011
01101100001001101010001100001010
01101100110010101011100100011010
01101100110111110100111011100101
01101100111011001111111110010011
01101100111101000111000010010110
01101101000000110010110010011011
01101101010010010001111101011001
01101101111011001011001010000010
01101110000101001101000000101011
01101110000111111110000110111100
01101110010110100100001000000110
01101110011111011101110111110010
01101110100100110101111011001011
01101110101111011101010101111101
01101110101111101011110110011100
01110000001101001110111000111100
01110000011011000011111001111001
01110000011111001111111001101101
01110000101011101001100100101111
01110000111100110011011011100001
01110001000010000100011001001011
01110001000010011001001011101110
01110001001100011010011110101110
01110001010101001000111001100000
01110001010110111111011011111111
01110001101110110110111110111101
01110001110000101000110110010111
01110001110000111111101000110000
01110001111100010110101111001100
01110001111111011010011100111001
01110010001101100101001110011001
01110010001110101010010111010011
01110010101001101110011001111011
01110010101110011100101011111010
01110010110011101000001000001111
01110011001100110001011110111101
01110011010001101000010000010001
01110011111100111011111110011101
01110100010100111110011000000000
01110100110010011101111100111111
01110100110011001000110011010101
01110100111011110000111101110110
01110101001100111001110110110110
01110101001111101001100110101110
01110101010111101011110101111111
01110101011001100000101100110000
01110101011011101100110001101100
01110101110011000100111011101101
01110101111001101100110001100101
01110101111110010001001111100100
01110110000010111010001110000111
01110110011110011010001001011100
01110110011111110111001010111111
01110110100011000001101001000010
01110110110011001011001110010011
01110110111100010110100010100010
01110111000000110010011011110101
01110111000001101010101001110011
01110111010110111011000101110011
01110111011011000001111110110111
01110111100100110001100010101001
01110111111010001111101110100101
01111000100001000100000110111111
01111000101000000001010001010010
01111000111001110101001110100101
01111000111010001100010110101100
01111001000001101000001100010100
01111001010010101100101011000110
01111001010011011000000001001001
01111001010101010100101110100010
01111001111101010111010010010110
01111001111111110101011010000111
01111010100001110100110000110110
01111010100100000111100101001101
01111011100011101000110101111111
01111011100101110001101011001101
01111011101010111011000100000000
01111011110111110110010000100110
01111011111000110000001110001010
01111011111011001010101110010010
01111011111100100010100000110111
01111100000011000000001011101110
01111100100110010010010110010101
01111101101110000001101101000010
01111101111100001010100110100001
01111101111111011010100000111101
01111110000000101000000000010010
01111110001110011100100010110101
01111110010000010111110000110000
01111110010111010111011010101000
01111110011110000011101101110100
01111110100011111000110001100001
01111111001010101100000100100111
01111111011111011000000000000110
01111111100001000011111101010001
01111111110001000000110000001000
01111111111101001001101110111100
10000000001001110010000110011110
10000000010010101100101010111111
10000000010101100011111001110001
10000000100110010110010010010010
10000000110000110111010011101101
10000001001100011101011100000100
10000001010110111000100011100001
10000001011100010001001110011101
10000001110010011111101001101110
10000001111111011110011010110000
10000010100111110011001111000000
10000011000100010101000010111101
10000011011010101001101010010011
10000011011111000011010011111100
10000100001000011111111111000001
10000100110011110010101000101100
10000101010011101100000000101010
10000101100011010110111110110100
10000101100101000000001001101010
10000101101011011011101111000100
10000101111001110101110000011011
10000101111101101100001101011111
10000110000100111100011100010110
10000110001010011001111101101111
10000110001101101101001000000110
10000110001101111100011001000111
10000110100101100000111010000111
10000110111000011010010110010101
10001000000011010000001001110010
10001000000011010001111111001001
10001000000101101000101111000100
10001000000110000000010101011001
10001000011011011110000100110001
10001000100101100011101001100001
10001000101110111111101100010001
10001000111110110110111011111110
10001001010001101100111110111101
10001001011010101110100001101011
10001010001101110000111101000110
10001010010110011011110001011011
10001010101101110101101010111000
10001010110010101100010000100110
10001010111101000010001100101000
10001011001000100111000000100111
10001101100101001111000000010101
10001101101100111101111101111101
10001101110101101100111111011011
10001101111010101101011101000011
10001101111101111001110100010000
10001101111111101101010001111100
10001110000000010110100110101110
10001110001001101100111001000100
10001110001110000110000000011011
10001110100011110011111111011000
10001110110001011011000011111100
10001110110011111101110100100000
10001110110100111001010000110100
10001111010001000001110101110011
10010000000110001100101010000000
10010000000110100011110100100011
10010000011000011110111000101100
10010001100011000011011111011111
10010001110101101011000010111010
10010001111011100011011100001111
10010010010111010100000001110110
10010010011001001000100010101100
10010010100010100101111110010101
10010010110011010111101101001110
10010010110100111100011100111110
10010011000010010111010010000110
10010011001000010101010011110000
10010011001000101100001001001100
10010011001111110011101110110011
10010100000110001111000000110000
10010100010000010010011100100011
10010100010011011100011101111011
10010100101110101000011000000010
10010101000111001011010010000001
10010101111011001011010111111010
10010110001001110100110111000001
10010110010001101001110000010101
10010110011001111011001000010011
10010110011100101000110100000110
10010110110001101011010101111001
10010110111101011100101001011111
10010111101110100011001000101000
10010111110110100110100000111101
10010111111010101001110100000101
10010111111111011011010010011110
10011000001011110000110100000010
10011000010111010110001111000011
10011000011000111111000100000011
10011000100110111001010110111101
10011000110110001001101001110000
10011000111101001010010001101101
10011001000011000001001100100001
10011001100011111000110001100101
10011001100100100000100111101100
10011001110001101011111010100111
10011010010001110001100001110110
10011010010100101010100110011100
10011010110110000110101100010111
10011010110111111100010011111001
10011010111110001001010000110010
10011011001011011000011010110010
10011011011011001101001100011010
10011011101110101100101000100010
10011011110001111110111110010111
10011011110111010011010000100010
10011100000001110011111100011000
10011100010011001001001110010000
10011100101010011100100111001000
10011100110001101001110011001011
10011100110111110101001100101001
10011101000000000100000001010000
10011101110000110000111010111001
10011101111001111111110001110111
10011110010001011011011010101000
10011110010101110000000001110010
10011110101101011111001101001110
10011110111000101111000110000001
10011110111001010100000111000100
10011111001100001010101011000110
10011111011011100110000111010011
10011111100001011101101110000110
10011111101010111000101010011111
10011111101100001110001111001100
10100000000011110100010110010101
10100001000100101010110001001110
10100001011110110111010000110110
10100001110001000110011010001111
10100010010111001111101011101001
10100010011111101001111010011010
10100010100000001110100111001111
10100010110100110011000010100111
10100010110101110001110110001111
10100010111010110111010111001101
10100011000110000100000100000001
10100011001000010110100011011001
10100011101011011001111011100000
10100100011001010011001101111110
10100100100001001000011110000010
10100100110111101001000111010111
10100100111011010010011001100111
10100101011100000111001101001110
10100101101110010011101100110100
10100101110101001000111001001101
10100110010010000111001100111111
10100110010101000100111110010001
10100110110110111010101101010111
10100111000000101011110101100111
10100111011001011011011010110101
10100111100001001100011010001001
10100111111101110010001001100001
10101000000010000101000100100000
10101000001101100100010110101010
10101000010100110011011011011010
10101000100001110110011101110011
10101000110011111011000100000110
10101001000110010110011011110011
10101001100100101011010011011010
10101001101111011011000101110101
10101010010000011111001100100101
10101010010010110111000010101101
10101010110001010011101110101001
10101010110001100100100000110010
10101011000010001010100010111100
10101011000011100010011001100011
10101011110010011110101001101111
10101011111010001101010000001110
10101011111110010101010110011100
10101100011001110010000011110101
10101100011001110011001101010101
10101100011011110010010001111001
10101100101010100001101100000101
10101100110010101010101111011000
10101100111010111111101010110011
10101101011111101010011100110000
10101101100000000010101010110101
10101101111111010001010001001100
10101110001000000101000111101011
10101110001001111011011010001011
10101110011010010000010111001111
10101110011100001111110000100100
10101110100010001000101100110111
10101111000001101010010000111101
10101111000100000101000011111110
10101111001001100000010111011110
10101111011001100101010010101001
10101111101101100111101010011110
10110000001111100001111001110001
10110001100010111010111101001000
10110001101100101101000010111101
10110001111101000110011111100110
10110010001000110111011011000000
10110010100110100101110100001001
10110010101101100110100010011000
10110010110110011011101101000110
10110011001111000110011100000100
10110011010001110000100101110001
10110011011010100110000011100011
10110011011101000100100101110101
10110011111011011110110111000101
10110100000000001000001011010101
10110100000001100011111011111000
10110100000011010100010100011100
10110100100001111000100001111100
10110101000100001100100110000010
10110101000101010000010110101101
10110101001001000111101000001010
10110101001001101001101001011111
10110101001100011101110110000000
10110101100010000001100001010101
10110101100011011011001010101000
10110101100011011011111100011001
10110101101010110000000110111000
10110101101011000101000010110010
10110101101101010110101100110011
10110101110010111111010011110011
10110110011000111100111011010110
10110110100100100001100110111101
10110110101011001101110010011101
10110111011011010111000110000000
10110111011101100101110101111110
10111000001110110101011011010001
10111000110010111110110111001110
10111000111011000111011001010011
10111001010001010100111010100110
10111001100110000010110101100111
10111010000001110111110101011100
10111010101000011010101001110101
10111010110101110011110011001100
10111011000000100100111001111111
10111100000101100100011101011001
10111100011000101010111101111011
10111100101111110011001010000111
10111101001111111100010111100111
10111101010011110101001111101111
10111101110000101011101100000011
10111101110001101100001110101001
10111110000111110111100101000010
10111110011101110100110100011001
10111111011001000111000011101011
11000000000000010101001011100101
11000000001100001000110001010001
11000000001101001001011011101010
11000001001011110000100011111101
11000001110000010110000101101100
11000010000011101111110001010010
11000010000100110110010100011101
11000010010011100001111000110011
11000010100100101110010011011111
11000010110110100000100101010001
11000010111010101101110001001111
11000011001111011100101011111110
11000011101010001000101110110110
11000011110010010011110010110010
11000011111001110011111010110111
11000100000110110101000100100101
11000100010000101110000110101010
11000100010001001101000011010100
11000100011101000100001101100010
11000100011101110100101011110100
11000100100000001101000101100101
11000100101100011010100001000011
11000100111000010101000101011110
11000101101111001010110000011101
11000101111000011000001110111111
11000101111110100110011111000001
11000110100110110101000000100000
11000110110010100010011101110101
11000111010011000111100010011101
11000111111000001101010111011010
11000111111111101110001011011000
11001000000001001111110111110111
11001000001110100000101111101101
11001000110000101000010100001110
11001000110101001100100011000011
11001001000010101110100100010110
11001001010100001000001101101000
11001001011101000101001010111101
11001001011111011011011100111110
11001001110100101101101010100001
11001010001111100111110000111111
11001010101010011011010010110101
11001010110110110111101001011010
11001011000000101000100000001101
11001100000011001000011100100010
11001100101110111011110101101101
11001100110110000000110100101110
11001100111001100011010000000001
11001101000000111111110110111011
11001101100100100100111111110001
11001101110010101110000001111100
11001101111111001100010010100001
11001110011101000101011010101000
11001110100110110000111100011000
11001110110010010010011100010110
11001110110110010101100110101010
11001111011101010000001111110100
11001111110001110110111101001011
11001111111110101000111110111101
11010000100011100110100011111101
11010000100101001011001110000100
11010000101011010011010101101100
11010000101111000111011000111011
11010000101111111101010001100110
11010001000010011001110000000010
11010001000110110001101100010000
11010001011100010110000000000001
11010001011110101010110110110000
11010001110000000101110100110100
11010001110011011101111000110101
11010010010010011001001011010000
11010010101100100001100100010100
11010011010111111101110101110011
11010011011000101011010100010111
11010011100001101011010010011101
11010011101100001000010110110101
11010011110010010010100000110010
11010100000001100111000110111011
11010100010110000001001011111011
11010100010111110101101100111001
11010100100011000000010101011101
11010100111100000111101001100111
11010100111111110010010110100010
11010101010100000100111100110001
11010101011000100110111000000100
11010110010001010100110000011110
11010110101111001000100010110010
11010111010101101010111010110000
11010111110100101101101000100101
11010111110100110010001000001011
11011000000100000111000101101001
11011000001110111011100100001010
11011000101000101010001011111110
11011000110110111100001000010010
11011001011010111011001001011110
11011001110100000011111101100111
11011010100010110011000101000001
11011010101010011000010011101010
11011010111110001110000111000000
11011011011001110011000111000011
11011011100101110111001001111100
11011011101100101000101011100100
11011011111000101000001110011111
11011011111001000001100110101001
11011100010001111001100101011000
11011100100111010010110111101101
11011100101110011101100111001001
11011101010110000101100000000011
11011101111000010010011101110111
11011101111111110000100011100001
11011110001111011011011010100001
11011110010100111011000000101101
11011110011110110110000101110100
11011110110000100100001000101000
11011110111011110101101011111010
11011111001100111011101111110010
11011111010101000111010001110111
11100000000001011000101011101100
11100000000011010010010110011010
11100000011011110111000011101010
11100000101010010011000001001111
11100000101010011010111001000101
11100001000110001011110101010011
11100001011010101100010000111110
11100001011101111100000001000011
11100001100010011001001100101101
11100001100110001100110111100111
11100001100110101011101001001110
11100010001110000101001010011011
11100010011110101001110111101101
11100010100010001110110010011111
11100011010001000010001100000101
11100011010011001101001011111011
11100011010111100110011001011000
11100011110000101100011010001101
11100011110010100100111101100111
11100100000111000011110010010001
11100100100101010001011010010101
11100100101000010000101001000001
11100101001110111011100111011010
11100101010000001011110000000100
11100101100010001100110000100010
11100101101100110110000101101110
11100101110111101111101101010010
11100110001011101101110010000000
11100110100110100110011011100111
11100110111111011000010010101010
11100111010100011111101011110001
11100111011001001001100110110110
11100111011010111001010011010100
11100111100000000011001110101010
11101000010101111101111101001000
11101000100111110101000111010110
11101000110101110111000110100110
11101001000001011010101000111000
11101001000011000100110100111101
11101001010000110001101101000111
11101001101000001001100010110111
11101001111001100000110110010000
11101010010101110000010010000111
11101011010000001011110000011010
11101011011000100110010000010101
11101011011001001101100000011011
11101011101011010101011000010110
11101011110100001110011100011101
11101100010101010001010101100011
11101100110000110111011010110001
11101100111000000010010101010110
11101101000100010010010100011011
11101101011100110110011001001110
11101101111010110101111111110110
11101110000100101111000111101100
11101110001110100110110000011111
11101110111101000010100110000010
11101110111101110100001011001100
11101110111111111101000111011110
11101111001010010101100000010010
11101111001011100101010111100110
11101111010111110000111010101101
11101111011111110110101100011100
11101111100000000000011110110001
11101111100110110000100001000000
11101111111100101000111011100100
11110000000110111101001010001100
11110000011011110000100110100101
11110000100011101000000011110101
11110001000111001000001001010110
11110001001001011101011010000111
11110001010000000010001001011011
11110001010001101010011110000000
11110001010111000110111011100011
11110001010111101100001111001011
11110001101100010011101110100100
11110001111101000100110100001011
11110001111111110011011011100010
11110010001010000110011011110110
11110010010110101100001101010011
11110010011001110111101110101101
11110010011111101000101110000101
11110010100001110101010011101100
11110010101000000101001011000111
11110011000110110101000100011111
11110011010101000011110011011100
11110011011000000011100011010001
11110011011100010001010111011011
11110011100000001010010101100011
11110011101110101000000000010101
11110011110000010101111101011011
11110011110100000011011111100000
11110100010000100001010100010000
11110100010011111011111100100100
11110100011110101000010011100001
11110100100001111011011010111110
11110100110010110000110111011001
11110100110111001000001010010101
11110100111100111000011011010001
11110101000010010010101000011011
11110101001011001011010010001011
11110101001101111010110101010010
11110101011101110100001101001101
11110101110010010010101010110110
11110101111000000011000000101000
11110101111000011000000010000100
11110101111100111000110011000010
11110110000001100111000110101010
11110110101101000111111110101100
11110111100110011111000011111111
11110111101110010101100100101110
11111000011000011001011001110110
11111000100001101001010101100110
11111000101111110101111100001100
11111001011111001001110101110111
11111001111101110110110010011011
11111010001010011011110101000101
11111010010101111110100001101100
11111010100110110010001100000011
11111010100111100111111100000100
11111010101010111111010100011000
11111010110101100100111110111001
11111011000011011011001100011101
11111011010001100101110101100111
11111011100010001110000100101100
11111011101011010101110000110110
11111011101111000011100001011011
11111011111001000101010001111001
11111100011000010001011011110011
11111100101110100100101000000110
11111100101111011101100101000011
11111100110010001011011100011111
11111100110011100001110001101101
11111101010110111100111101000011
11111101111100001100101100010010
11111110000010101101100100110100
11111110100000101101111100011010
11111111011001000010111100001000
11111111111011011111111101011101
11111111111100001010111100000000