00000000011111010001010010100110
00000000100000110000101101111101
00000000111100110001010000110001
00000000111110110010111100110111
00000001100101001011101000101010
00000001110101011010100110101001
00000010011101011100010111100101
00000010100101101100101110100100
00000010101111101101011010101101
00000010111010001010010100001011
00000011011000001010001100111110
00000100011100101110110101000011
00000100101111010000001100011001
00000100101111100111010111111101
00000101000001110000010000100001
00000101000101001100011000110100
00000101001001011010101011101010
00000101100001100011110000000000
00000110001101100010011011011111
00000110101111111110111010010110
00000110111010011011111111011100
00000111001000001011100111011000
00000111011101101000001010001100
00000111111011010001010100010100
00000111111110101010111001001111
00000111111110110101001101011110
00001000011001100111001101010100
00001000111011010100000011101101
00001001010000110001101011000000
00001001010100000010100010000000
00001010000101011010001110101000
00001010101001100000101000000001
00001010110001101111101111100010
00001010111101111111011100100110
00001011010101101101010011001111
00001100000101010000001110011001
00001100001011111010010001100011
00001101100101000000111110000110
00001101110111101101001010101001
00001110000000000100000110000111
00001110101100011100111110111100
00001110110011111110101010100100
00001111001000110010101000100011
00001111010000001111010110100001
00001111011011111110100011110110
00010000001000000110011111010001
00010000010100100111011100001101
00010000100101011111000101001001
00010000110001000010110111001100
00010000111011001110011110110100
00010010000000011110110111100011
00010010000011000100100001010101
00010010001010111111111010100100
00010010011001101110110001100011
00010011000000001101010010011100
00010011010110111010110110000011
00010011101110101000101011011011
00010011110101101011111111110100
00010011111111000100011000000001
00010100000000110111111111010100
00010100100000111101101000000110
00010100100101101000110101100111
00010100101111000101110100010011
00010100110110000111101000011000
00010100111000111001001001011000
00010101101000001100010011010111
00010101110000100111111000010110
00010101110001011000011010010110
00010110001000010010101110110110
00010110101101001010101001110100
00010111001001010110001111111101
00010111101111010011101000011010
00010111110011001100101111000101
00010111110110100100000001011111
00010111111001111100100010101011
00011000000110010010000001011001
00011000001001011101001111110110
00011000001101010010110100111110
00011000101000101110100100001110
00011001010000000011001110000111
00011001100110101011011000100110
00011001110001001001011101100001
00011001111110101111101011010111
00011010001010110100010110110011
00011010100100000011110111000111
00011010101000000101001010001001
00011010101000010011101000111110
00011010110011110001001010110010
00011010110110000011100010110100
00011011001011111111011000001110
00011011010100011100000001011010
00011100000100011000101101101111
00011100001110000011000001110100
00011100100001010001100110010110
00011100111010001111011010001110
00011101001100110110110000110100
00011101011000010111011100011111
00011101110111111101001011010010
00011110000001101010111001011100
00011110010100110111101011010010
00011110011011100100011101111100
00011110011101010100000100001011
00011110011110010010010101000110
00011110100100110010010010111001
00011110101010011110101101001000
00011110111000101010101010000100
00011110111010111110000111001101
00011111000000000001101010000101
00011111001101100011000010010101
00100000000111100110101010000110
00100000000111110000010000101011
00100000001000100011011111010101
00100000011000000000100001101111
00100000011010110011010011010100
00100000100001110100011010000010
00100000100100100110101010000000
00100000101001010101000100110101
00100000101010111110001001100100
00100000101110100000111100111001
00100000110011110100010011001111
00100000110110110101000100011111
00100000111010011010100001001110
00100001000111010010001001111100
00100001010111110110100011111111
00100001011110011111000000110111
00100001101110011011110000111011
00100010011001110110101101110000
00100010111000111101111011111101
00100010111101011011010000010001
00100011001100011101110111011100
00100011010000010000010100111101
00100011100001010101101000001000
00100011110111100101010010111110
00100011111001010101110101101000
00100100111000001010001000010111
00100100111000111001001111010101
00100101100101100111010100110101
00100101101001000001111011001001
00100101111101110100110111001011
00100110011111101110000100001010
00100110100000101011100101111111
00100110100100001111001100110111
00100110100111101001011010010101
00100110101101101010001110100010
00100110110000110011101010110000
00100111001110011000011101110000
00100111010011010100011010000010
00100111101001101001101111111111
00100111101111010000110011000111
00101000101010000010000110100110
00101000110100100000010001011111
00101000111000101101011010000110
00101000111011111111100111111110
00101001100011010101110110101001
00101001100111001111101110011010
00101001111001110101001100101000
00101010001111100000110101100011
00101010011100011011101000000110
00101010011111110001010111000111
00101010110100110010111100101010
00101011001110101111010011111111
00101011010000000011100110001011
00101011010000100001100111001000
00101011101100000010111010001110
00101011110000110110011000110011
00101100000011110001101111010111
00101100001010010000001011101110
00101100001111110110000111010001
00101101101101111000001101110101
00101101110000110100000010001110
00101101111010110001001100111101
00101110100101011101011111001101
00101111000000011111100010010000
00101111000101111011101101101000
00101111010101101101000101011000
00101111011110011111011101010010
00101111111110101101010000001111
00101111111111001110000001100001
00110000001000101001101110101001
00110000100110000101101100010001
00110000101101000101011110000000
00110000110011000010110110100010
00110001000000010001010111001001
00110001000101011000110010000110
00110001001001010111010110001110
00110001100000111111010011111011
00110001110110110111100000001111
00110001110110111001000000001111
00110010101110110100110111101001
00110011000010110011110111001110
00110011000100011000010010000001
00110011000101100010011000110100
00110011101011001110000111101011
00110100011011000101000000011101
00110100110110100000110101111111
00110101001000001111011110111101
00110101001001110000010010011011
00110101100100011100000101110110
00110101101011100001001001111101
00110110000101110011010100010010
00110110001001100011110100001111
00110110010010010110110101100000
00110110011110001011011110000011
00110110100011010100100001100101
00110111000011110011010110101010
00110111001000100010011000001000
00110111001001111101011000100011
00110111011011101010101001101000
00110111011110101011100111011010
00110111111000100011001110101011
00110111111000111000110010101111
00111000101100111001011001111100
00111001100101111101011001001111
00111001101011011010101010110111
00111001110000000111101011100101
00111001110111010101010011111111
00111001111010101111000011100101
00111001111100011001000011000101
00111010100001011001110001111011
00111010101110100110100101101001
00111011000010010100110101000000
00111011001010010010111111001101
00111011001100100001001001011101
00111011010001100111110100100110
00111011100010110110010111000011
00111100100000100100001011111011
00111100101011001011010010111011
00111100110111100001100101100101
00111100111111010100100110101101
00111101001000011100110100000101
00111101001001101011000010011110
00111101110111111101000000100111
00111110000010011010100100111001
00111110011101100111010011000001
00111110100110110001011111000101
00111111001011101000101111010101
00111111010001100101110000011010
00111111010110010110110001001110
00111111111110100111001110101011
01000000000110110000111111101011
01000000001010001100010000100001
01000000001011100100010010001111
01000000101110110001110101110010
01000000111010101110110111000101
01000001000000100110111010101010
01000001010000100010001100100111
01000001011001101000001101110110
01000001100011001010001101110011
01000010000101001001101111101100
01000010011000000100011100001110
01000010101010110011010100101011
01000010110110100010000100010010
01000011000110101001101010110100
01000011101100100111111000101000
01000011101110001000011001110110
01000011101111010011010111111001
01000100011000110011001001010110
01000100110001001000011110001010
01000100110010111101101110101011
01000100110110010101101000010011
01000101111010000110011101110101
01000110000010011110110000010111
01000110010100110011100010000010
01000110100101110101101101000101
01000110101001111110010101101111
01000110101010101001001110100010
01000110110101111110110111110000
01000110111000010011101000000100
01000111010011011111011100101010
01000111110001101100110110100101
01000111111000011100000000111111
01001000000100100111000100000011
01001000001010101111100111011011
01001000010010100111110110001011
01001000111101101011010000000100
01001001000001101100011101010000
01001001000101100101100101101001
01001001001100011100110010100001
01001001111010101100111000011110
01001001111101001110010000101010
01001011000110000000010000101001
01001011001101010100001010101110
01001100001110011111110111111000
01001100010001110010011110101110
01001100101011101101100100010010
01001100111011100110000110000010
01001101000010111010101101101111
01001101011011010101111100001101
01001101011111011100111100000000
01001101101111110000100000001101
01001110010001010001111011110010
01001111001101100101111001101001
01001111010110110010100011101110
01001111011000100100010010001011
01001111100000001101001001110000
01001111100011110100011111011100
01010000010010110101100111111101
01010000110000111000011100110011
01010000110011001010011110001111
01010001000010000001111011111001
01010001101000011001000111101010
01010001101111110000111111010111
01010010000101100110011011100010
01010010100010101001001111111010
01010010111110010101101001100010
01010011001010000100011110101000
01010011011100000010000101110100
01010100010101010010010011011101
01010100110010011001111001101000
01010101001110000010000111110001
01010101001111110011110000111011
01010101010100100100111101110011
01010101010110010101110010001011
01010101100000000010101010000011
01010101100101110100110100010101
01010101111000110110001111111111
01010110100100101001011000100001
01010110101011000011001011110100
01010110110100010010010110001001
01010110110111110011100111001100
01010110111010111110010010000011
01010111011010110001010111001011
01010111101000011001111111111011
01010111111110111101000111100011
01011000000011000110111101001001
01011000001111000100110101100010
01011001000111110110100001011101
01011001111100000001000100010001
01011010011010010001010010111001
01011010110100000011111001000110
01011010111100010011000110111100
01011011001100100010101100011001
01011011100001111110000010010010
01011011101010010110000000010001
01011100010011101011111100000001
01011100101001011001011000010001
01011100101101101111010000101101
01011101001100110010101010101010
01011101010000011110110111110000
01011101011010100101100000011100
01011101100001001100101010011111
01011101100001100011010111111010
01011101110001101010100101010001
01011101110010101000111110000101
01011101110111000011011100000100
01011101111000000010100111100001
01011110010100101000000010101010
01011110011001000000001011110001
01011110011101000110110010110010
01011110101011100100110101110101
01011110101100101111111000110110
01011110101110010110110101000111
01011110110000100000101001111110
01011110111011110010101100000101
01011111000110101011111001000000
01011111100001111110100010101111
01100000100011101110100010000000
01100000101010001110101111001101
01100000111111111101011111011110
01100001001101001100111110001010
01100001010100001001100111110100
01100001110110001111011001011010
01100010001010010010111100110111
01100010001010110111100100000111
01100010010010000101101010100111
01100010010111000010001110110110
01100010101111101111011111010110
01100011000001101001100100001001
01100011000011011111101111000111
01100011010100011101000111101010
01100011111110100010001010011001
01100100011000000000010000011100
01100100100110101011101110101000
01100100111001001001100011110001
01100101000000001011111110001100
01100101000000011010100101100100
01100101001001110100110111101001
01100101001011110100101111000010
01100101100111001110101101111001
01100110011011110001101101001110
01100110101001100001011010001011
01100110111100111011110011100010
01100110111111110110010000001110
01100111000101111111110100110111
01100111001010111100001000110110
01100111001110001011110101001001
01100111011010000100010100011001
01100111011110000100001011011011
01100111100111011110000111110111
01100111111011010001111101001101
01101000100001010111101001110101
01101001001011110011000010010100
01101001011000101100011000001001
01101001011110111010000011110111
01101001100110010011100000011110
01101001101001011010011100000111
01101010000011110011001011111001
01101010011101110100001110100001
01101010110101000101011000111100
01101011000010000111010101111110
01101011000101001100001110010011
01101011001000111111000011010101
01101011100110110011000000001010
01101011101111100001000111111011
01101100100100001101011110110110
01101100111110010010110100101001
01101101000010011110100101010001
01101101000110100000000001001001
01101101001010101001111100110011
01101101001011101100111100001110
01101101011000110100100011100001
01101101011100010001001000010111
01101101100100000011110010010110
01101101101000100110011001010011
01101101101101001011111011011110
01101110010111000000100011101011
01101110010111011101010000111100
01101110100101010111101101011001
01101110101010000001000010011100
01101110110001110011101001010000
01101110111101010011100011101000
01101111010010011101001011111010
01101111011010110111011001010111
01101111100110001101111001010110
01110000001111010000101001000010
01110000001111111011110111011100
01110000101100100100010101111010
01110000110010000111110001001000
01110001000011010001000100100001
01110001100101111010011011100100
01110001101010000100101000001001
01110010001110111111101110001110
01110010011100000011001001111000
01110010101101001101010100000101
01110010101101101010111101111001
01110011101011101100110111010110
01110011110111111001001011111000
01110011111101000101100110000101
01110100001001001000011110010001
01110100010001100110100011110010
01110100011010010100101110101011
01110100100000000101101111000110
01110100110100000111111001101000
01110100110111100110100111000100
01110101000000000101100111101101
01110101000101000001110011011001
01110101101100101111101001011010
01110101111011101011111001110101
01110110001000010100101011111001
01110110001001010100010010001111
01110110001100101100100000111110
01110110100101110000000111111111
01110110110100000100101110000011
01110111001001000110101101000011
01110111010000011100011111011011
01110111110011101110001001101110
01110111110110001111101111000100
01111000111011001011101010111000
01111000111011100000000100001100
01111001000001100101011100100010
01111001001001010110101111011010
01111001011101011000011001010111
01111001111100001010001011000110
01111001111101001001110000110111
01111010000101010011101111010101
01111010000111000101111000011010
01111010010010100110100101001101
01111011000101110011111101111010
01111011001000000001010111110011
01111011100001011110001100000000
01111011101101000001011101110000
01111011101101111110101101101111
01111100000001101101110010101110
01111100000100000110110000010001
01111100000110000110110101011110
01111100100101001101100110011111
01111100110000100110010101010010
01111100110011111010001001100100
01111101100101100100111100001001
01111110011101100110011101100111
01111110100010000001101010000110
01111110111110110011101110001000
01111111000010000011101000001101
01111111010010110100111101010000
01111111110100110000100100101001
10000000010110001001010000000100
10000000010110100001001011011110
10000001001110001011111000000010
10000001010001001011111110000100
10000001100010111100101101010110
10000001111011111010110110001101
10000010001101010001100011010000
10000010110111000011101011010111
10000010111011100111000001000010
10000010111110111000101101010011
10000011010011000001011100011001
10000011011001101111001111110010
10000011011111011000101001011111
10000011101111101101010010111010
10000011110010001110000110011011
10000011111110101011100010000010
10000100011011010011111100110001
10000100100000000011110111001111
10000100111010111000001101100101
10000101010101011001100101100001
10000101011011000001001010011110
10000110010011110010110000101101
10000110010111110100011110011010
10000110011010010001111101000111
10000111010000100101100101101111
10000111111101011100111111001010
10001000000101011110001100001011
10001000001110011110100100111101
10001000010100101110011101101110
10001000101011011001001001011110
10001000111001100010110010100101
10001001001110110110110111110111
10001001010011010100100100000011
10001001100100110001111000111010
10001001110101111000111000011100
10001010010111111100011010001110
10001010011000100001100010101000
10001010011000101101110001110010
10001010100000110011101011000101
10001010110011010100100010100100
10001011000010000100010100010011
10001011001001100010100001011001
10001011100010101110111110000011
10001011100110011111110100011111
10001100001111011001100110000001
10001100011110010000111000101100
10001101001111000001010101000100
10001101100110110011001001011011
10001110000100000011110010101011
10001110001100011111101011001111
10001110001110011000110010001111
10001110111010111010101001011000
10001110111100000101011111100001
10001111000101000101010111001111
10001111010011000110010101000000
10001111010111011001111111111111
10010000010110001011000101101101
10010000011111110110101010010000
10010000100001000010000011011111
10010001001111111101101000011000
10010001011101111101101110111111
10010001101101100101011101100001
10010001110000011111100101111100
10010001110100011001000111000111
10010010000100101010111100110010
10010010001111111111110100001111
10010010010100001110101100100001
10010010100101111110000000101000
10010011110111111000001111011001
10010100010000000101011000011110
10010100010010101101011110011111
10010100011011110011110001111100
10010100100101001000001110010011
10010100100101001011011011101011
10010101000010111010101110100000
10010101011010100100100110101001
10010101011101110010001010001000
10010101111011010000000010000110
10010101111011110110101111101111
10010110000111000001110010000010
10010110001011010110100111101011
10010111100001001000001100010110
10011000001010101101100101110011
10011000010110011100101011100011
10011000101011111001001111011001
10011000110011011010111110101110
10011000111100000111111001001011
10011001011010110100000000110011
10011001011100001010111100110101
10011001101010011010011110011000
10011010000000100011100111110011
10011010011001011011111111011001
10011011000011001011001110000011
10011011000100101100110110010001
10011011011110000100010100100110
10011011101100001010000101110101
10011011101111001000111100010011
10011100001000011100000110101001
10011100010000101001011101011100
10011100011001000111110001010111
10011100100000111001010111001011
10011101101100011111100011101111
10011110000101010000000011110110
10011110010011010101100101111000
10011110010110110111011110111110
10011110101110110001010010101000
10011110101111010011101001001111
10011110110110011110000010010011
10011110111100000111100000111111
10011111011010011101001101100111
10100000001110010001111010100110
10100000010111100100100010110110
10100001000010111011100000111010
10100001000100100101011100111110
10100001011110001010100010010100
10100001100101011011011110011110
10100010100001001100011111101000
10100010100101010010011110101010
10100010101110011100010000001101
10100010110000110011011000101111
10100010111111111101100011001001
10100011110010010111111101110001
10100011110110110000011011111101
10100100000001000010011001101000
10100100001000110001100000000000
10100100001001101110000100011110
10100100010100110101111110000000
10100101000001001011001000010001
10100101000111010111111001100000
10100101001100111111001000101011
10100101101111100000110000101010
10100101110010101100000111000001
10100101111011000011010000110011
10100110001110011001101001111001
10100110100011100001101110111011
10100110100101010110110101000000
10100110110100110000110110001000
10100110111001110000011000001000
10100111101000100001101001100011
10100111111110001111000101101101
10101000001100001000000100100111
10101000010001000001000000111000
10101000100101111111111100110110
10101000100110011000111110000010
10101001000000010001110000110010
10101001000101001011110111111011
10101001011001110010101000111110
10101001100000100000000000000010
10101001100111101111101111001000
10101001110001000011111011000011
10101001110111101110000101111101
10101010001110001010111001101111
10101010001110001110100000010000
10101010100000010001011000101100
10101010111001110110100101111000
10101011001011110011111100101101
10101011011100010001011111001001
10101100000101100111011011000011
10101100001100010010100101111111
10101100011111000001001011101101
10101100100010110010001001000110
10101101000011000100011001110001
10101101000101001011000101011011
10101101100000111110100110000111
10101101111011101100011111111101
10101110001100011100100000000001
10101110011001100100000001111001
10101110100100110011011011011110
10101110100110101101001001000110
10101110101000010110110001101001
10101111001000000111111110100101
10101111001111110010100010101001
10101111011100001001101011010110
10101111100100011110000111001001
10110000000111011110000011010010
10110000001010101111000010000110
10110000110011101010100011101111
10110001001110101001100100011111
10110001010110100110101000110011
10110001101100111111011101001101
10110001111000111011001010110101
10110010000101111010101011101101
10110010001111111101101110010000
10110010110001111100100110010100
10110011000001011001001010010110
10110011000110100011001011000100
10110011010001000101011011101011
10110011010111011111111010000101
10110011111010110100000100011010
10110100100111010001100100101011
10110100111000101001111000001011
10110100111001110001000000000100
10110101000001100101000101110011
10110101001001000010101111100011
10110101001010011011111110010111
10110101010110000101010101001011
10110101101010101011010100101110
10110101110100110111010110000001
10110110000000110111111000010111
10110110011100011001100110101101
10110110110011010100000100000101
10110110111010101011100101111010
10111000000111010101000001101111
10111000010110000110000101011100
10111000100111001100001001010010
10111000101010011110101001100010
10111001011000001101001010011101
10111001100101101010011110010001
10111010010110010101111110001100
10111010100110000011010110000101
10111010101110110110000111001000
10111010110111010001011110110111
10111010111100110111001110001001
10111011001110110110011100101010
10111011101111011100101110000110
10111011110110101111111110101001
10111011111000111100010010011001
10111011111110100010100001001001
10111100010111000111111011011000
10111100100011011011101111101001
10111100101100101101101010010000
10111100111010101011101111110011
10111100111011011011101010110001
10111101100011111000100100111110
10111101101101001111011010111001
10111101111010010011000111001010
10111110001101111111110100000010
10111110100111010101001100101110
10111111010011001011110011000000
10111111010011101110000101010011
10111111100001101011110100000011
10111111110011101010011101010011
11000000000011100101111010110001
11000000001110101110111000101001
11000000001110110110110101011100
11000000010100110001000000001111
11000000011100011010011011011000
11000000100010010111111101111010
11000000100111101011000010010001
11000000111101001010010010001111
11000001010101110110101111001100
11000001100011001001110001001010
11000001101101010111001000101111
11000001111010111110001011000100
11000010011111000100100110010111
11000010100001101011111110011000
11000010101011100000000000101101
11000010101011100100010100001001
11000010110010011010101101000000
11000011000110111110011100001110
11000011001010100001000111011011
11000011001011001110110111111100
11000011011101011000111100011000
11000011100000001010000000111001
11000011110100100110101001111100
11000011111000011000110110000011
11000100000100100110010010111010
11000100100010000100011000110110
11000100100111010011100111100101
11000101000000000001010100101000
11000101010011011111001101001001
11000101011011001001111110011111
11000101101010001110100000101100
11000101101111001000110111111000
11000101110001011100101110000101
11000101110110011110001111010000
11000101111111000100000001111101
11000110000101111111000010000101
11000110101110101101110010011101
11000110111110110010011100101011
11000111010111000100110111100000
11000111100111110001010110010000
11000111110000100101101000010010
11000111110001010101010010000101
11000111111110101011001101100010
11001000111001101000000010101000
11001001000110111000000111100111
11001001001001001110110110011100
11001001010001100111110111100100
11001001010011000100010010001101
11001001011110000101101001010100
11001001100111011011011111010110
11001001111110110011001111000101
11001010010001100001110101000010
11001010011001011011111001000100
11001010101100010000010011101000
11001010101110101111001110011011
11001010110011010001111101001101
11001011001101110000000000110110
11001011011101011011110100011101
11001011111011000010010010010011
11001100001010000001011001101100
11001100001101011110001111010110
11001100011010000011011111101110
11001100011010000110001011011111
11001100100011000010101100010111
11001101000100111111011010100110
11001101001000011111101110110010
11001101011011000111100111001001
11001101011100100100001100111100
11001101110110111101010001010111
11001110001101111111001001000111
11001110010110000100001100001100
11001110011010111111001011110010
11001111000010011110000010000100
11001111000110111110010111111110
11001111001011100110001100100100
11001111010011011011101010010110
11001111101010100111111011101100
11001111110000010110010011100111
11001111110000111110010101010011
11010000000001010100111011110111
11010000001011101001111000101110
11010000010010010110000100101100
11010000101110011101011011101110
11010000111010111101011111110111
11010001001010100110010010101000
11010001001011000010111011100010
11010001110000111110110010011101
11010001111101011101110000010000
11010010000001111011101111000010
11010010011100110101111110011110
11010011010100010010000101110110
11010011110010010101110011111001
11010011110100100011010000011100
11010011110101111111101000110111
11010100000110000100111100010000
11010100010010001110010010111111
11010100010100011000101011010010
11010100010111010110011010101101
11010100011111100100001010011000
11010100100001000101110110001011
11010100111010010001010110011000
11010101011110110101010101101101
11010101100111101000110010010010
11010101101000100010111111010001
11010101101101100111111010101011
11010101110101110100010101111100
11010101111101001110001101011000
11010110000000111010000101010000
11010110000011010111111011000010
11010110001101011111000111111100
11010110011110001010011111100000
11010110100001110100001000111000
11010110101110011111000110100111
11010110110010001000001111000100
11010110111100010101100111110011
11010111001101010101010110101001
11010111100110110011101010100111
11010111111011101100111001011000
11011000000110000100110110000011
11011000011000111110011001100110
11011001000101011101100111111100
11011001011100100110000000111111
11011001110110011001010110010110
11011010001100010000000100000111
11011010011100101100001101000100
11011010101001110110110010001111
11011010101011100110011001010001
11011010110100010110111110111110
11011010111101011010110111000011
11011011111011101010110111111001
11011011111011111000101000000100
11011011111111111000101101100110
11011100011110101011111001101100
11011100011111000000000111110100
11011100100000000011110000011000
11011101010000010110100110000010
11011101010001111010000101110001
11011101100000001010001100101100
11011101101001001000011111100010
11011110000000111111010111011010
11011110001100001101111110110011
11011110100010100010010110001110
11011110100101110001101100010011
11011110111001001100010000100011
11011110111010000100110001011100
11011111001111011110101000100011
11011111100001011111001100011011
11011111110000011101111110110111
11100000100011101101101011011001
11100000101010011100000101101000
11100000110110100101110101100001
11100000111010001000010100100110
11100001001011110100110010001111
11100001010000011110101100110010
11100001010110101110011101001101
11100001100111110111011010001011
11100001101000011110111111001100
11100001110010101111111001011000
11100010000110100110011111010111
11100010010000000111011111001111
11100010010101010101101011110100
11100010011001100011011001100010
11100010011101010101010101010101
11100010011101100100010101010001
11100010101011100000101000000010
11100010111110100101011000011010
11100011001100110000001110010100
11100011010001010110010010110010
11100011100001100010001101110100
11100011101001111100101111001111
11100011101011010000100100000000
11100011111010011001101101000110
11100011111111000001100101010100
11100100010100011010011010011111
11100100011010011110101000010111
11100100101011100101010011111101
11100100110110100101110110010011
11100101101001110010100001111011
11100101111011100001010011010101
11100101111101001101101000010101
11100110001001111001101101110001
11100110101111001001011101100001
11100111000111011101010000011110
11100111001100011101110010010110
11100111011110110001010010010110
11100111101100011001011111111111
11100111101111001000100110001001
11100111110000100110110101110010
11100111111001011000101001011100
11101001110010011111010011111101
11101001110101111101000010111100
11101010000011101001001100011000
11101010001001011110110001101001
11101010001100001001110001010010
11101010110000011001110011000100
11101011001000110010000110011001
11101011010000010110111101001101
11101011010100111011110010000101
11101011011101110010001010110010
11101011110100111011100000100000
11101011111011100111111101010001
11101100000000001001011010010010
11101100010011101111100001000101
11101100101101100000010110100100
11101100111011000101001100001101
11101100111101100100000100001001
11101101001100011100111101001011
11101101001111100001101110110110
11101101010001111101101111000101
11101101011101101011100000111011
11101101101111001001110100101101
11101110001001010100010111010111
11101110001010011101001100111000
11101110001010101110100001110000
11101110011001100110110101100001
11101110011101110110010100110010
11101110101010000101101111001101
11101111000010001000000110111100
11101111000011110001011001011010
11101111001111010100101001101011
11101111100101010001010111111110
11101111100101011100111011001000
11101111101101101010010011100111
11101111110011011111111010000001
11101111111011100000101110100101
11101111111011100010011101001100
11110000101100110011001000010110
11110001001001001101110001100111
11110001100000100110011011110111
11110001100110100100101110111100
11110001101101010100101111100111
11110001101111001111000001111101
11110001111001010101100011011010
11110001111011010011010111001001
11110010010100001101101100000110
11110010100011010101101000111011
11110011001100101110101100001111
11110011001111111001100011110010
11110011010111101100000111000111
11110011101100001001001110111111
11110011101101000100010101001111
11110100101011000101111111010111
11110101000100011101010110010111
11110101010000010011110101010010
11110101100100110000100010110011
11110101110000000001000000000011
11110101111110110110011100001011
11110110000100001111001001000110
11110110011010100001001011001100
11110111010000111100111000101100
11110111011111111000110110110010
11110111110100001001110100010100
11111000001101011001010011011111
11111000011010010011010110000011
11111000111000111000011001111000
11111000111001110111011010111100
11111001001101111110000101101001
11111001100001010010110000110001
11111001101000001101000001000011
11111001101011010001001011110101
11111010100110100001010100100100
11111010101001111100111000010001
11111011011001100000000000000001
11111011110011100010011000111000
11111100000000100000000011010011
11111100000111111000100111000101
11111100001011111101010011111010
11111100101000100110011101111100
11111100101100100010001010011011
11111100111100110101000101001111
11111101000011011011111000101100
11111101001011111000110101011001
11111101010011100001100011010100
11111101100111101111010000111000
11111110000111101010111100011001
11111110010000001100101010101110
11111110110101011101101011000011
11111111001101000111110011110010
11111111011111000011100110100010
11111111110110011111001110110001
11111111111001001100010001101111
11111111111010011100110111100000
11111111111011110101100011110101