00000000010001111100011110011111
00000000011000010100011101101110
00000000101001100011111000111000
00000000101110010100001011110001
00000001000000101011011110001110
00000001001010000001100000101111
00000001001010000011101011000001
00000001010000011110010000111101
00000001010010011111011110001011
00000001100001001001110111011110
00000001100110110100010110000001
00000001100111011101001010101010
00000001101111100110010100011101
00000001111110100010011001010011
00000010001000011010111110101001
00000010010100010110011010011111
00000010010100110100100100101111
00000010110110110000110001000000
00000010111101100101011100110100
00000011000000101101100000100101
00000011001100100110100111101110
00000011001111010000100000100000
00000011001111010001000011111011
00000011010011001010000010000100
00000011011100010011000011110000
00000100000000111111001010110011
00000100000010000011110010110111
00000100100001011111110101000010
00000100111100001111101100000000
00000101010001110111011100100010
00000101111011010010110010101110
00000110000100010101110111110011
00000110000101101011010110000100
00000110001010100101011010001011
00000110001100001111110001100000
00000110010010001101011100101101
00000110010011110101111010010000
00000110101111010100011110011000
00000111010000111011000100111101
00000111101000011001100101111001
00000111110100110101111010011011
00001000010100110100101010001110
00001000100010101111010011001111
00001000110100001101001010101011
00001001010011010111111110001010
00001001011010001101011000001100
00001010001101011000010101100111
00001010011000011110000110011001
00001010101100100100100011101110
00001010110010101111010000010110
00001010110101011100011011111100
00001011000010001101011010110011
00001011011100100110100111010010
00001011111000101110101011110111
00001100001101100001000111100111
00001100011010000010011000001010
00001100100100011010010111000010
00001100110110111001111111111110
00001101010100011100111011101010
00001101100110001001101111010000
00001110001101101110010011101010
00001110010101010000101101010000
00001110100111000001001000110100
00001110101001001010100001001100
00001110110100001100110010010110
00001111000000111100101110110111
00001111101011011000110101000000
00001111101011111110100110001010
00001111111011000010011111110111
00010000010111110001001000100101
00010000100111000010000110010010
00010000101001101110100110100000
00010000101010111111111111001100
00010001011011010000111001000110
00010001111011010000001111001011
00010001111111000101001001111101
00010010010011111100010011000001
00010010110111110111000110010001
00010011010100101100101001000011
00010011011111111000111011111011
00010011111010000001011010101111
00010011111011101101100100111110
00010011111011111101001110010100
00010100001111011001001110111011
00010100011011110110001111000101
00010100101110010010101111111101
00010100101111101001110000001111
00010100111011000110010001001010
00010101000101111101111111010101
00010101010010111000101110010100
00010101011100101100000011101001
00010101011110010010010001011001
00010101101001110101011010001111
00010101110010101100011001011010
00010101111111001100011101010010
00010110001011001010001001000100
00010110011001001010011110100100
00010110111110000010001001100100
00010111000011110100000001101110
00010111011011100010011110010110
00010111100011111010000000101110
00011000001100000001100100101011
00011000011001000101110110110100
00011000101111000011010010011101
00011000111001111001101100100011
00011001001001101010100101011111
00011001001111101110001111111111
00011001010111100110000000100100
00011001101000111000101000110010
00011001101100001111100110001110
00011001110001001001000100100111
00011001111001000111001111101001
00011010000000111001110111000000
00011010001010000100101100110000
00011010011001101000110011010000
00011010110001110001001100100111
00011011100111111111000100111010
00011100000110011100110110111111
00011100110011111110101110100111
00011100111111111101100001011101
00011101000111100011110111110001
00011101010011110100011011111010
00011101010101001011001001001000
00011110001010010001101100010110
00011110010000101101101010010001
00011110101100001110000010001111
00011111011101010110001100110111
00011111101011010100011010011111
00011111110101011001001010001010
00100000001111100010001110111011
00100000010000101101101110110011
00100000011100000100101100001101
00100000100001011111100101010111
00100000101101010000010100110000
00100000110100110000110010110001
00100000111100110011100001111011
00100001101001010100101011010000
00100001101011111100110011101010
00100010010011101110000000000010
00100010011101010111010101011011
00100011011010110001011001100110
00100011101111000011011000100001
00100011110010010000101101111000
00100100000100100110111010100011
00100100000110000110101111100001
00100100001110101111110110010100
00100100101010000110100101011100
00100100110110000000001010001110
00100100111110000001101101001111
00100101001001000001001111010000
00100101001001010001101111000111
00100101011010111111111001000100
00100101100111101001110110101000
00100101111001011101011000001010
00100110101101001000111000110010
00100110111101000111000000000000
00100111100000000000101111110001
00101000000010100001110010111101
00101000001111111110111111101101
00101000010000101001010000000110
00101000010101011010111111000111
00101000010110010111111100111111
00101000011000000111110001000100
00101000011110110001010011110011
00101000111001011001001010000110
00101000111110101010100011010110
00101001000110111100001001110010
00101001001110011010111111010001
00101001100101001010110101100000
00101001100111011101101100010111
00101001101000010010001100111111
00101001101001100110000101110001
00101001110100110011011101001100
00101010000011001101000101011010
00101010000100101000101111111011
00101010011110110011101100010101
00101010100110101011110100101111
00101010100111111010000000111010
00101011100010010011011000110100
00101100001010101111100000110010
00101100111011100000100110001011
00101100111100011001010111010001
00101100111100110101110100101100
00101101000011111111001100100110
00101101011000001110011001010110
00101101100011000100011011110110
00101101101101110110001101010101
00101101110010010110001001100110
00101110101100000010100111001110
00101111000101111101001110000101
00101111101011000111110110111011
00110000110100011001011000110011
00110000111001100010010011001001
00110000111011011000100100110110
00110001011010000010100100000100
00110001101110010100100111011111
00110010010110100010010000101000
00110010011001010110011001011100
00110010101011001111000001010101
00110011010010011100101100000001
00110011011100111000111000100100
00110011101100111001101011000000
00110011111101101101000001000101
00110100001000111110010000111011
00110100011010010100001011011110
00110100100001010111101100011110
00110100100010110100101100011110
00110101000000110111010011111111
00110101001101011111001010001011
00110101010010110100011001011111
00110101100101010001011001001011
00110101101010011110101001110000
00110110010001011100010010110000
00110110100010010010011101100101
00110110110111111111101110110100
00110111011001010000010111001011
00110111011010001101111010110011
00110111110110100111110010111010
00110111111100110001111101100101
00111000001011010000111001010101
00111000010110001011000000011000
00111000011100101101100011100111
00111000011110111010110001111000
00111000110100111111000101100101
00111001000010011010000011010110
00111001010010101110001110000110
00111001010010111010001011001101
00111001011111111100011011110101
00111001100110101101100001010011
00111001101001011100100101011010
00111001111001001001101100101011
00111010011100110001011101100111
00111010110000000100100111110100
00111010110000010000011101110100
00111010110111001011011111000100
00111011000100110111100011111011
00111011001000001110101100110101
00111011010001100010110111101100
00111011011010111110000000100011
00111011011111001011100111010111
00111011101000101111010010101111
00111011111110010001000011100111
00111100000001101001110011100000
00111100010000011100100011100101
00111100010111010101010000001110
00111100011111011110101001001010
00111101000100101001010011010000
00111101100001110000111101111011
00111101100111011011110001110011
00111110010111001010010101101111
00111110101100011100011111011010
00111110101101000001010100011001
00111110111010101001110010110011
00111111000000011100101001000111
00111111000011010001011101100000
00111111110011010011000111101101
00111111111001010111100100001001
01000000001001000110100110001000
01000000010001010100111000010100
01000000100111110100000101101000
01000000110101000010001001010100
01000001010101000011001001111110
01000001100110100000101101010111
01000010000000101011101001110110
01000010000000110100000001010110
01000010000001101000011010000100
01000010100000010100111101001111
01000011001110000111001011101001
01000011010001010001010000000001
01000011100010001000111001101101
01000011100111001100110111001110
01000100001001000010001000100010
01000100010001111010111000111010
01000100011011111000100100010101
01000100101011110010111100001111
01000100101101011000111011111111
01000100110010101100010100010000
01000101000010000011011010111101
01000101001010100010101011001010
01000101001100110101000111010010
01000101011100111000011000001101
01000101100111000100111001111011
01000101101110100100111101000111
01000110011010100111110011110000
01000110100001111100010101001110
01000110100101111101001011010010
01000110101110101100101011100101
01000111000001111010111101101011
01000111000101100000011011111110
01000111001000110000000111111100
01000111101001100001010110011001
01001000010001001100011000111000
01001000100001000000010111000011
01001000100101101010100110101111
01001000101111001101000011110001
01001000111101111111101100110100
01001001001000100111101100101110
01001001001000111110101101011000
01001001011101101010100101001111
01001001101011000100001111001100
01001010000101010000011011011110
01001010001100101101000010100000
01001010100111110000101000000010
01001010101011011100011100000111
01001010101011100001001010111010
01001010111000101100100111000111
01001011000011011010000010001001
01001011010000100010111001011010
01001011010000100101000110011110
01001011011010110001001111101111
01001011100110011000110111001111
01001011101101110101100111011111
01001100110010101110100111111110
01001101000111111101011100010101
01001101001101000111101000001101
01001101101001000011000100000110
01001101110011001100110101001110
01001101111101010110000100010100
01001110001001110100111110110100
01001110110000001101110001000000
01001110110001001110100111101101
01001110111100100000101010111110
01001111101100101000101100101100
01010001000010001010111001110111
01010001010000110000010001010011
01010001011001010100001010101111
01010001011100011010011110000110
01010001101101010101010011111110
01010001111101111110001010111010
01010010001101001111100001010110
01010010011100101110101111111110
01010010100101000101111101011100
01010010100110001011000110100110
01010010110000010111100010101010
01010010111111001100010001011110
01010011000101111000001100001110
01010011010000101101110110011111
01010011011011101011111010100100
01010011101011001001101110000011
01010011110110001110011101111110
01010100011001111011000100011111
01010100011111100111111010001100
01010100110011010000101011011101
01010100111010001101010111101011
01010101000000011011001110001001
01010101010011101101010001011010
01010101101000101101111000010001
01010101110000000101011101100011
01010101111100111100000101001001
01010101111110001011010001101101
01010110000111010101010101100100
01010110001111011101000010111001
01010110010001000101100010000011
01010110010011011001000110000101
01010110010100000011010011010111
01010110011011010001000001011101
01010110011100100100011011001111
01010110011110011001100100011110
01010110100001001111000111011000
01010110101100001100110111000111
01010111011100011110011110011100
01011000010001110000000001010010
01011000110000101001010000110011
01011000110110011010011100011001
01011000111110101000001000101010
01011001000000111100001010110111
01011001010000011011000111011011
01011001010101011000011001110000
01011001011000001111011001010111
01011001101001000000110111100001
01011001101100110100110001000000
01011001110000001110010001011110
01011001110111101000100100001000
01011010100111010110110001101110
01011011000101011110101000111110
01011011001001100011111010101101
01011011011001101000000110111100
01011011011111010110101001010000
01011011101111010100111000001111
01011100001100101011011100011110
01011100011100100010110111100000
01011100101000000111000001001101
01011100101000100001000011110001
01011100101101100010110010001010
01011101001110100010011001111100
01011101011111010010011110101001
01011101111111011001011001100110
01011110100100011110111110011010
01011111100100011010101110100101
01011111101111001101011011101101
01100000100010010001101011000001
01100000101010011010100101010110
01100000101100100110001000101001
01100000110101010000101000100100
01100001000001101101100100000110
01100001000101000101011011000010
01100001001010011100000100111101
01100001001100010111101101111101
01100001001101000001011011101000
01100001010100110000000001001100
01100001011010100010011100010011
01100001101011100001111111000100
01100001110111110011011111111101
01100010000111110111101001000010
01100010001100000111100111010010
01100010001100101101111111100010
01100010010111101001111110000000
01100010011000011100101011101011
01100010111111000111110100111100
01100011010011101000011111111111
01100011010111011111011001110010
01100011011001001010000110011111
01100011011100100001101010110010
01100011011100101000000111010001
01100011101110011101111011100000
01100011111000111001110010111111
01100100000110011010111011111101
01100100010001001111010011010010
01100100100101101110110100011101
01100100100111100000101010000011
01100100101010010011001001010000
01100100101011011001101111111111
01100100110111111101001100100110
01100100111011111000110110111011
01100101011000001100111111010000
01100101110101110011111101101100
01100101111000100101011010101110
01100101111110100101111100100110
01100110100010101100110101110100
01100110101010100010001011000110
01100110101011101000100000111111
01100111000100111110001001111101
01100111101011111110011000111100
01100111110100111001010110010001
01100111111101000000001101000111
01101000000111111100110100010101
01101000010001001011001000001001
01101000010110101001100100110111
01101000011000100001011010010111
01101000101100001011010000001100
01101000101110000110010100011000
01101000101110100101010111101110
01101000110110011010000000011100
01101001010011011100100100110110
01101001010101001110000110100000
01101001100110011111000001100010
01101001111010111001000000011111
01101010101010010100110101110110
01101010111011010100011100011001
01101011001100100100010001000111
01101011010111100001110110001010
01101011011001100110011001011010
01101011110110110111110001011011
01101100111000110001000000110110
01101101010111100011101011001010
01101101110011101011111101000010
01101101111010101011010001010100
01101101111011011011110100010111
01101101111101000011011000111110
01101110001011001100111011010100
01101110001101100000101010100100
01101110010111010010100100010001
01101110100001000000000111111100
01101111001100010001001100001010
01101111011010011001110111101100
01101111100111100010111110100111
01101111101000100101010010010100
01110000011011111001010011101111
01110000100010000000111011000010
01110000100111110101010011011010
01110000111010100111010110100101
01110001000100101101100110001010
01110001000110110101000011011000
01110001001111001110101100101010
01110001010101100001011010011111
01110001100010010000011110100011
01110001100011011011110001000101
01110001100101000111011010111100
01110001110000110001000100010010
01110001111100001110101110100001
01110010000000001011010110111001
01110010010010011111111010111100
01110010010111100100000111111101
01110010011001010111000110010010
01110100000011101111110100101100
01110100000011110101101011011010
01110100000101101110001100000011
01110100011000111000111001111011
01110100100101100011111000100101
01110101000100011111010000101101
01110101000110111011110110011011
01110101001001110001110011011000
01110101010001010011100101010110
01110101011010011000101011100010
01110101011100000010111011111011
01110101111111101100100100110101
01110110010000010000110110101001
01110110110010001100100100001010
01110110110101100001011001101110
01110111011100000001010001011100
01110111100000001001100000101111
01110111110100111100101101111011
01111000001011011001111101111111
01111000111000010110000110010010
01111001000101011011001111011001
01111001001010010010100101110011
01111001010101000100100011100011
01111001010101000101110100100100
01111001101111111001111010110101
01111001111010011101011010010100
01111010010000111011100110010001
01111010011101001101100010111000
01111011010101110110101111000111
01111011011101101001110100110100
01111100001101010110010101110000
01111100111001010111011110100100
01111100111011001100110111000111
01111101000001111101101100011011
01111101001111000101110010001101
01111101011001111100011111001001
01111101101101100110101001001111
01111110001001100101001101100100
01111110101001100100010110010100
01111111000000011010001101111001
01111111000000100100100111100111
01111111000010010010111111000101
01111111001101010001110101101100
01111111001101111111111111100101
01111111011110011001110100011011
01111111100011010000101000110101
01111111101001001110101011000101
01111111101001010110010111011111
01111111101110001100100001011010
10000000101000001011000011100001
10000000110010010000010110001111
10000000110010100100001101000001
10000001001000100100110000000011
10000001011000000100010010000101
10000001101101001100000001010110
10000010100000100111010010010011
10000010111010001110100000011110
10000011001011000101000110101111
10000011110010100100100010010100
10000011110010110001101000001110
10000100100010000110000011010000
10000100101100001010111101000111
10000100111101111011110100101100
10000100111111111101101100000000
10000101001000000010001110010000
10000101100010110010101001010001
10000101110101011110101010101011
10000110001001100001100010111101
10000110001010100010100011111000
10000110011000010101101010000111
10000110111000101111101100111010
10000111011101000100111101011101
10001000001001011110000010111000
10001000010010001111110111110110
10001000010101110101110011010101
10001000101111010011001101000100
10001000111001101110101100010010
10001001001110010010000111000110
10001001011110011000111001111001
10001001101000010111000110000011
10001001110001011100011011100100
10001001111100001001110001000001
10001010000001110100010111001100
10001010010110111110010111000000
10001010100110001111010011010011
10001010101010101100001011010100
10001010101110010110100001000111
10001011101101110001000001010011
10001011110110101101110011001001
10001011111110001010100101011111
10001011111111011100101000010100
10001100000000000010100101101100
10001100000101000111110001000101
10001100010100011111110000001000
10001100100100101100000010101010
10001100100111100011110110100101
10001100110000111000111010111011
10001101010001101011010101100101
10001101100100000001100101101101
10001110000110001101111110011100
10001110001101001001100110001010
10001110111011010100010101111001
10001111000111111011111100011100
10001111001001001100000001010110
10001111010100000000000011100010
10001111100001111100100000011110
10001111111100110110110101111011
10010000001101010101100001101001
10010000101011011000001101010100
10010001000011011101011110011001
10010001001101000101000110100110
10010001001111000101001110010011
10010001111111000001101100001001
10010010001000001111110100010101
10010010100010101001100100010101
10010010101101000011100101111101
10010011000000110101010110000110
10010011001010000110001101001110
10010011100110110111111001000110
10010011110110100011010100000010
10010100110101100110001001111001
10010100111010000111101010010110
10010100111100110110010101110111
10010101000100001000100010101001
10010101001111000011110011010110
10010101010010001000010001100101
10010101111001111000011111010111
10010110000100111101100111101000
10010110001011000001111100011111
10010110010110011110011111010111
10010110100011000011110000100011
10010111001011100011100000000101
10010111010000011000101011001001
10010111111000111111111011101000
10011000000111101010111101000101
10011000100001110101000000101001
10011001001011001000110101100110
10011001011111110110100111111010
10011001100000110110110011101000
10011001100001011100101111111010
10011011000011111100111000100110
10011011001011101011111000010000
10011100001101010000010011100010
10011100010010010000111000010011
10011100100100100011101001111000
10011100101010111110100000011001
10011100110000000011111110001111
10011100111110111110110110101010
10011101100001101001001100111111
10011101101001101100011101111101
10011101111101110010110100010100
10011110011111110001011100001101
10011110100011010110001111010111
10011111011111101101100000111011
10011111100110001001110101100000
10011111101001001010010100010001
10011111111011001010010010101111
10011111111110000111110111011001
10100000001110000100110000110101
10100000001110110010101101000001
10100000010011111011010010011111
10100000011011000101010101100100
10100000101111101111100101111011
10100000110111110001011010111111
10100000111101000111011000100100
10100001011001100000010110111011
10100001100011100110000110100110
10100001110110011010000001101101
10100001111110000110100001011101
10100010010111100111100111110001
10100010011100111101110000001011
10100011001010111101111010001111
10100011011101010100010000011101
10100011100100000011100101110001
10100011101001111110001010011101
10100100100011110011110010100010
10100100110011011100111110100001
10100101010001101101011100010111
10100101111001001010100110101001
10100101111111110101000011100011
10100110000011110110000000011001
10100110001000101001100100011001
10100110011010011100001101010110
10100110101100101111110110100101
10100110110000011101110010111011
10100110110000111101000001010001
10100110111100111000110001001001
10100111010001001000101000111010
10100111010100011100011101101011
10100111011110011110101001101011
10100111011111010100100100101110
10100111110000011011010101111100
10101000001100011110101100110111
10101000100011001011111100011001
10101000110000100100011100111001
10101000110110000000001101001001
10101000111000000111010101001011
10101001011110110100100000100010
10101001101110010100100011011100
10101001111101000100010000000001
10101010001011011000111010101111
10101010010110011010101011111110
10101010010111010001011000110110
10101010110011010100111100011011
10101010111101101010110010110000
10101011101111001110011010100101
10101011111101101100110101000000
10101100000110110110101101101101
10101100100011000111110101100110
10101100100111111100110011010110
10101100101100000110000101000111
10101101010011111100000111001101
10101101011111100011111101001101
10101110011011000111100111110011
10101110011100010101111001001110
10101110011110101000101101000111
10101110100110110101010001101100
10101110101110110000111011100011
10101111000011111000011010001100
10101111011100110101000110111100
10101111101001010110011100011000
10101111101001110000101111110010
10101111111101000111101001110011
10110000010000001101000001000001
10110000010111011000100001010100
10110000010111101110011000010001
10110000110010101001110001011010
10110000110010101010100100001110
10110001000001110001111001000011
10110001001101000001111010011010
10110001010111100111101011110001
10110001011011110000001101101011
10110001100111011000111100111001
10110001111011110111101100110111
10110010000100000001100101110000
10110010001010010000110011000010
10110010011000010110110111101000
10110010011111011000100111010111
10110010100011001000010011000011
10110010100111111000111011010000
10110010101101010101111101010101
10110011001010110100101010010011
10110011011101101111110101101000
10110011011111000000001110100000
10110011110000011000100111101110
10110100110000000110101110011101
10110100111011001010001101110010
10110100111111111100101011011001
10110101011000100010011100000100
10110101100100111110111110100010
10110110001000100000100100010101
10110110101110001010111100110001
10110110111011110000001100101111
10110111001110001010001111101000
10110111010110000111101110001100
10110111011000100111010001100001
10110111100101000000101011100101
10110111101110110011110011111000
10111001000011010111010110100111
10111001000110000110001100010011
10111010010001100000101101011011
10111010010100000111010001011010
10111010011100000011010101011000
10111010011110110000001011110000
10111010100001001010000000100011
10111011000000010000001100001110
10111011011000101110111011011010
10111011011001110001000101010000
10111011100100001010001001101000
10111011110110010111000011010000
10111100001010100010110011011101
10111100001111010110010011000010
10111100100011001011110011000101
10111100110101010101101101100110
10111101000111011110001011011101
10111101111111000111100010010011
10111110000000010101101001111111
10111110000111001100110000100110
10111110001100011011010110111010
10111110001101011101111110101111
10111110001110011101001100001110
10111110010010001110001001101101
10111110101101001111011100100101
10111111001000110101111111010001
10111111010011010110011101100100
10111111011001011001100011100010
10111111101101001000011101101000
10111111110110110100110010101000
10111111111010010000001000011111
10111111111010010001100100101011
10111111111010011101100110001010
11000000000101001111010010101110
11000000101001000100100101111011
11000001001101100110101101111101
11000001001111101110010010010111
11000001010101110110001010010010
11000001011001011000110111000110
11000001011101000100001011101111
11000001101000110100101110000110
11000001110011111111010111110000
11000001111100110001100111110110
11000010001001111000001101100101
11000011001110100011110000010010
11000011100111001110110111001101
11000011101011110100011111111100
11000011110010101100100001111011
11000100100110011011010101101110
11000101000101000100011010000001
11000101010010101000100100001000
11000101010110000010100010111011
11000101100010010011001110000011
11000101111010101011011110001111
11000110000100110100110010000100
11000110001011100010011101110101
11000110011000110001011101110011
11000110101110001010011111001111
11000110111101011010111010111001
11000110111111001100001001101111
11000111000100001101010000011100
11000111001010100001011110011011
11000111011110010101000001101110
11000111100000001101000100011111
11000111101010001000101000100011
11001000001010000100100000000100
11001000110001110111000000010011
11001001001000110010010111110010
11001001010000001011001010010110
11001001011011100101000010111100
11001010001101010111011101111101
11001010100100000100001011111011
11001010101101101001110001001011
11001010111001101100110100101010
11001011000111010000011110000000
11001011001001000010111001000010
11001011011000001011111000001100
11001011110000101101001111011001
11001011111010110100010001111110
11001100001111000001111000011100
11001100011100000000110100110101
11001100100011000000011000011010
11001101001001111101010010000000
11001101001100111010111110000101
11001101001101110101111000100011
11001101100010110111000111001111
11001101100110111001111000001100
11001101101111100101111000001110
11001101101111111000111110100101
11001110011011100110000001011010
11001110100001011111100011010100
11001110110001101011111000100001
11001111000010001101000000111111
11001111110110000010111110101100
11001111110111011100010111001001
11010000000001110010111011111100
11010000010010100000011110100101
11010000101000111101011001001011
11010001010111100010010101010111
11010001111001010001010011000010
11010010010100110111001000010000
11010010111111000010111110110000
11010011000100100101101101011001
11010011000111000111101001010111
11010011001010011010110111101011
11010011010101101010010001011111
11010011011101110111100001111111
11010011101100110111000000111010
11010011110001011010010000010100
11010100000000011010001110011100
11010100011011001111111100110100
11010100100000000111100110111100
11010100100111111011110101100001
11010100110011000101011000111100
11010101000100001111100001100011
11010101000111000001100000101110
11010101001010101010111101011101
11010101001100100111010111100001
11010101111011010001001011010110
11010110100000101010010011111111
11010110101100001110011011110010
11010110110011010010100011000101
11010111001001010111110110110011
11010111001101000101000101010101
11010111011000110000101010010110
11010111111011010000001110011000
11010111111101010010110110001000
11011000000010011111101011011101
11011000010100100010000100011101
11011000011000101101000100011111
11011001101000000010111110001010
11011010000111101011100110011011
11011010001100100111111010111001
11011010011001000001100111011011
11011010101011100100001110100000
11011010111101010100100000110001
11011010111101110101010100001111
11011010111110010001011110001000
11011011000000111011100001010111
11011011010010011000101111001010
11011011011100000010000111101101
11011011101100011111101111011000
11011011110001100110010111001100
11011011110100010100100111010111
11011011111011010001110111111000
11011100000100001111110011010111
11011100001100000110100010110100
11011100010001011010110110110000
11011100010010010011111001100011
11011100011001100000100101101001
11011100100010111001110001100001
11011100111001111000101110010010
11011100111110001111010010010000
11011101100000110101110101000001
11011110010000000111000111010001
11011111001111101100001000001000
11011111011101101000111010111101
11011111111101110111100111000101
11100000101010100111010001011100
11100000110010101001001001100101
11100001000000010011101100100101
11100001000110010010110100000110
11100001010000101100001111011000
11100001101111101101011011011000
11100001110000011101110011111100
11100001111100000101110111011100
11100010000010000111101011011010
11100010101101110111110011010111
11100010110001011110001110101000
11100011011001010100010011000010
11100011100000101010101100010100
11100100001010010010111111011101
11100100001011001111110111010011
11100100010101110011011001110001
11100101000100000000011101011011
11100101100101100000000101111111
11100101111011100011111011011000
11100110001001011100111101111000
11100110111101011100001110101001
11100111000111001011110101000100
11100111100101101111111101000001
11101000000111100100111111101110
11101000010110000010110101110100
11101000101100000100000110101001
11101000111100101111000111100100
11101001001100000011001001001000
11101001101010001000001100010000
11101010000001010000101111111110
11101010001001000111001100100101
11101010100010000010001111011010
11101010101001111001111011010111
11101011011100000010001010000010
11101011111000011100100010101011
11101011111000101011101110100011
11101100000001000000011011100001
11101100011000100101100111111010
11101100101010100011101000010001
11101101011111101111110111000011
11101101111101110101011101111100
11101110000010111001101101000111
11101110011000101101110100011101
11101110101011100111110101100111
11101111000011100011000011011011
11101111001100101100100010100111
11101111010000110011000101001000
11101111010111101111101010100011
11101111100001101010001111011001
11101111110111011010011111111110
11101111111101111101010011101011
11110000101001001010110101101000
11110001101000011111011100111100
11110010011001111011111011000000
11110010100010111111101110111101
11110011000011011111000111110100
11110100000101100010010100100101
11110100001101110111100100100110
11110100101000011100111111101010
11110100101000111000011000001010
11110100101001011000100011000110
11110100101001011011111110100011
11110100101100000001101101000001
11110100110111101010111011000110
11110101010100111010101110100000
11110110001000011110110111110111
11110110011000000101111110111100
11110110101001101101010100100001
11110110101101101011010000011001
11110110110001101000101001010100
11110110111111010100010001101010
11110111011110101010001010011111
11110111100010000110100011101111
11110111101010000100011101110010
11110111111100101010101100101011
11111000011001010000110000010110
11111000100000110000000000011011
11111000101011001010101100010111
11111000111001101110000110000001
11111001100000101010000011011001
11111001100010001001010001000100
11111001101010101110001011000100
11111010010010001001001100011000
11111010011110100110110010010000
11111010111101000111110110001101
11111011010110111110101101101010
11111011101011011001110110000001
11111100101110001011001010000100
11111101000100100000101010011101
11111101010000001110111000001000
11111101111011111100101000011101
11111110010111110111000000100101
11111110011100110000011001111001
11111110100011100011100101001010
11111110100101100000001001001110
11111110101100101000111001001100
11111110111001010000000010111010
11111111000111000111011110101011
11111111001100100100001100100110
11111111100000010101010111000111