00000000011110101100000010000111
00000000100110010000100010101001
00000000110110110100001011011011
00000001000000111110001100111100
00000001001000110110111110111011
00000010000110110111101001001001
00000010001101110101110011110010
00000010001111101110001011111111
00000010010111001110001011100101
00000010101001011100100110000100
00000010101011110111000111010001
00000011010000100101100001101111
00000011011100011010001011010000
00000011100100111011001001001101
00000011111010111000111110011010
00000011111110010001011111100001
00000100011010011110100111100111
00000100110100111100000011010010
00000100111101110010101111101100
00000110010100000111110000000100
00000110111000110011100001000000
00000110111011000010000000111100
00000111000011100110010000000111
00000111100001111001000100001011
00000111101011111001011000111001
00001000000011000011111010001111
00001000000100101101010000011001
00001000010001101110010000111011
00001001110000010000111100000011
00001001110110000111010100110100
00001010010001011100000110000010
00001010100111110111011000101111
00001010101001111011110111101001
00001010101110000101010001011101
00001010111111000010100111011110
00001011000110011001101100101000
00001011000111101110110101000100
00001011001101100111110001101110
00001011110000110010010010101011
00001100010111010001110100010000
00001100011001010100111001011110
00001100110110010010001110111001
00001101000101011100100001010010
00001101000111000010110010110011
00001101001101011001011111100101
00001101100010111101100011011101
00001101100100111111110001000100
00001101111001100001100010000111
00001101111100100101110000001100
00001110100010011100011001000000
00001110110010011010010111100100
00001111001100111100100000011100
00001111101001101010110111111110
00010000100110111101111001101001
00010001010100000011001110100010
00010001011011011110110001011110
00010001100000100000100100111011
00010001110101010001110010110101
00010010100111100101111000001110
00010011000000100111011101010111
00010011001110001010000101010101
00010011001110011100000000010001
00010011010000101010101010101001
00010011010111000111111000110010
00010011111101001101100111000110
00010100000010010110111110111010
00010101011001011101010111001011
00010101101011101101110110111010
00010101111000010011111100011001
00010110000000001001111110011101
00010110100000000001010111000000
00010110100001101110111011001000
00010111000010011000000110000001
00010111010101010011011110110110
00010111100001011111110111110101
00010111100010110111001100010110
00011001000101011110011010011000
00011001001100010001010000111011
00011001010100101100100011100001
00011001100110111100110001111111
00011001101011111101000001101111
00011001111101011000111001001101
00011010000100000110011001010111
00011010011001011010011011101110
00011010011110011111011000001000
00011010100100111001000111011011
00011011001110010011001011010010
00011011100100001100011000001100
00011011101011001011011110111010
00011011101101000100011111001000
00011011110100000100011010110011
00011100000111100101111000111001
00011100101000010110000101011000
00011100101111100111101010000100
00011101011100000001100000111001
00011101101011111101001011001010
00011101101111111110100011011001
00011101111111111110110111101100
00011110000001100011001001011001
00011111001100101000111011000011
00011111100101000011000010100101
00100000000010011011010100101001
00100000000110111011010110111100
00100000001111010110011001110100
00100000100000100101000011010100
00100000110001001001110000010111
00100001001100010100111100001101
00100001011100001111011100011001
00100001011110100011101000100011
00100001100101011100110001101000
00100001111011100110101011001101
00100010000111000101110110101100
00100010001101001011010010110011
00100011000010100001011101011111
00100011001011001011101111010010
00100011111101100000100111101100
00100100000000010000011101011101
00100100001000010101101011111101
00100100001110110010000001100110
00100100010101000010010111100001
00100100100000111101001011011010
00100100100000111101011000110111
00100100101111100101111110001011
00100100110000010101100110100101
00100100111000111000010001111111
00100101011000011000010011101010
00100101101010110110010110001000
00100110001000111001000010111101
00100110010111001101100111001100
00100110111001011010001001010101
00100110111001111111110000011000
00100110111010011010000010010100
00100110111011101000010100101010
00100111000011010101110110000111
00101000100011101101001110000011
00101001010000101000101101110001
00101001010111111010110011011001
00101001011110000011111101111111
00101001101101101101000001010110
00101001111100101100010001111011
00101010001000000000001000000100
00101010010101010101111100011100
00101010011111011101100001001110
00101010110010010011011100000100
00101010110110010100011110000010
00101011010111000011101111110100
00101011110001110100010011100000
00101100000000011011000001111110
00101100000101001101100110101011
00101100011000000000111001011011
00101100011010011000000111110010
00101101001101111111000001100000
00101101010000101100011010100011
00101101011010010010000001001010
00101101110010110000111000000110
00101101110110101111001000110101
00101110100101110010101111111110
00101110110110110011001001001010
00101110111011110110101011000011
00101111100101011101101110111001
00101111100110100001110001100010
00110000000011011010111010000100
00110000001010101011010001000110
00110000001110010011000110011101
00110000111000101110001111001001
00110001011010011110000011110011
00110001011011101100010001011110
00110001101100111110010111101011
00110001110101011010110010110111
00110001111000000100001111000000
00110001111000001000100111110111
00110010010110000111000101110101
00110010100000010101101000000011
00110010110011100111111100101010
00110011000010010110110001001001
00110011011100101001000011001100
00110011100100001010011011110110
00110011110011101010100001110010
00110100000110100110010001101100
00110100011111100010000010100110
00110101000001100100100011100101
00110101010101001101110101010010
00110101011111110110111011111011
00110110000111000110000110100111
00110110011010011000001110110010
00110110011101011110111000110001
00110110101010110001010011011001
00110110110010000110101011110001
00110111000111011001110111001010
00110111010001100000101110010011
00110111101110010001010001000110
00111000000110000010010010001110
00111000001001001110101110111111
00111000011101110010100000100111
00111000100000010011010101101100
00111000100000111001100010110101
00111000101100111000101010010010
00111000111000101100111111110110
00111001000011101100010001011111
00111001000111101000101110000100
00111001001001110110110110010111
00111001001010011011100110110100
00111001011000111101001001101111
00111001100110010000101011001101
00111001101101101011110001100000
00111010010001110010100011100110
00111010010100011001001111101110
00111010101110111011010101101111
00111010111001000000011111110010
00111011000010100010000010010001
00111011000111011100100010100011
00111011001111000011001000111000
00111011010101010011110000000101
00111011110110000111010010110011
00111011111011001010010011100110
00111100000001101110101110010000
00111100001001101000010101100011
00111100011110101111110001010001
00111100101111011001000000100010
00111101100100011011000011101110
00111110001000010100010000001010
00111110011110110110111011001011
00111110100111001110100001110001
00111110110100101100011100101011
00111110110101101111111000100010
00111111000110000110011101010010
00111111001011000010101010111111
00111111001100001100101100001000
00111111100111001001100100111010
00111111110110011110111110110010
00111111111011010110111010000101
00111111111101100000111101010000
01000000000110100001001001000100
01000000001000001000011001010011
01000000001111011100011101010000
01000000010110000110111101101110
01000000100111011001010010000111
01000000101010110111010110001010
01000000111011010000111111001010
01000001000111000110010110111111
01000001001001100001110010100111
01000001011000011111010111100000
01000001101000101101110000001011
01000010010111000110101100101111
01000010011101110100100000110111
01000010100101000100111011100111
01000010111001000011111010011000
01000010111001010000100111111010
01000010111001110101100100100001
01000010111110000100111110110110
01000011000111001100011110100100
01000011001011111101011001110011
01000011011010000000000011101110
01000011011100100010101111010010
01000011100110101111111101001100
01000011110010001000001001111011
01000011110100000001000010010000
01000011111011111000001111000001
01000011111101101110000001111010
01000011111101111010001101110100
01000011111110000100111010100011
01000100001111010010111010001010
01000100100001010001100010101100
01000100101110111011001001101111
01000100111010101101000000100111
01000101000001010101011000000011
01000101001111010111001111000111
01000101010000110110001010100010
01000101110010001110000000100001
01000110000001100001010010101010
01000110010011001101111101100001
01000110010101110000111101110001
01000110100101101010001001100011
01000110100110011000100111100000
01000110111110110101111110110110
01000111000000010011000001100100
01001000000110110000110001001101
01001000011010101011001011011110
01001001001000000010101000001100
01001001011000011000101001000101
01001001101110100001110010110000
01001010001001100010110011001101
01001010001010001101110100110000
01001010011110101001101001110000
01001010100001000000000110111010
01001010111101111101001000011010
01001011001000101000111001011111
01001011100011110111111101110111
01001100011001001100100011010000
01001100100111000000001111110111
01001100101110110111111100101000
01001100111111010000100100110011
01001101000100101101010010010111
01001101000101100111011010101011
01001101011000001000001111100111
01001101101110000011000111011101
01001101101110100100110110111011
01001101111001000100000110011001
01001110100111001011001011100010
01001110110110101110001110000001
01001110111101011001110000000000
01001111000100010110101011010101
01001111001011010111000010010000
01001111001110001000100101001000
01001111010001110011100010000110
01010000001000111000011001010000
01010000010110001000011101100011
01010001011000100010100010000010
01010001101111100010000100101101
01010001111111000110100011010001
01010010000100010000011111010001
01010010000101001111100010011111
01010010001010001110010011010111
01010010100100101001101000100100
01010010101001010100011110000011
01010010101110000010111000011111
01010010101110111001110101011010
01010010110100101011100001000010
01010010110110011000010101110110
01010011000101000111001110111100
01010011001000011001101101111001
01010011011110011011111010100110
01010011111000100010000101011100
01010011111001011111011000110011
01010100001010011000011000000111
01010100111110101100010001000010
01010101001011101100111111000011
01010101001011101101010100100000
01010101100010001011111001100101
01010101101001011111100100111110
01010110100101100110011000101001
01010110111000110101011100101100
01010111000100111100111100110001
01010111001110001001010000101011
01010111010101000111100010110011
01010111010101111100011010000101
01010111101011001001101101011110
01010111110101001001000111101101
01010111110101011110100110100110
01011000001010000000101111001011
01011000001110011001011010011011
01011000010000100100111001100111
01011000011010111100110011010010
01011000011101011111001011100010
01011000100010110100011100110101
01011000100100110010110100101001
01011000110010110110100100110001
01011000110100000010001011001101
01011000111100101011111000011101
01011001101100100111000010101110
01011001110000001011000001010001
01011010011101101011000110000110
01011010100000100010101111101001
01011011001111110110111101001111
01011011010010011011111010100110
01011011010101000010000011011000
01011100000011111110000111011111
01011100010111111101110111001010
01011100111111010101001111001010
01011101001000101100010001100100
01011101110011010000100110100110
01011110000100001000110000011000
01011110010000111010000100001100
01011110010001111011001011001000
01011110011010001101011111000111
01011110101101010101010110000101
01011110110101110010100010000101
01011110111111001111010011111111
01011111001110010010001010000010
01011111011000010000010010011010
01011111101111001101100010100111
01011111110110101011111100010100
01100000001100010111101001100100
01100000101000011111001010110011
01100000101000111010101110000101
01100000111001001000111001110000
01100000111001011011011000110110
01100001010011100010000110111000
01100001010101110011011010011000
01100001011100111010111001101001
01100001100101011010000001010110
01100001111110001011001111111011
01100010100100000010101110010101
01100011001101101111101101100010
01100011100011000001010000001011
01100011101000100001110010101000
01100100000101101000110100110111
01100100001100110001101010101100
01100100010111011110001000110111
01100100011101011011000100000010
01100100101011110011001001111110
01100100110010000000101011000000
01100100110100011011100001111011
01100100111001000100010001000011
01100101010100101110111100000010
01100101110010101001010010111110
01100110001001111000011010011011
01100110101010001010001010001111
01100110101100111101010000000001
01100111000111001100101011010110
01100111000111011001100010110100
01100111001100001000011101110101
01100111001101110001100001010100
01101000000111011110001010101000
01101000010000001001101000101011
01101000110010111010001011111001
01101000111000010010110100011101
01101001001000000000000101001110
01101001001010100110001100010010
01101001010000101100110000001100
01101001110001100001100011101101
01101001111000101011110100110001
01101001111111101001000010011100
01101010010100110101111110001101
01101010110001001111011001111111
01101011010000100011001011001010
01101011010000111101101010100111
01101011010111100110110101011101
01101011011001110101101111101111
01101011011010000010100000100110
01101011011100010100111010101010
01101011101011000101000010111000
01101011111001100001010111011100
01101100100010101011110000100000
01101100100100010111101010101001
01101100101111100010001100000001
01101100111110011000100001011010
01101101001100111011110111110110
01101101100011011100100111000100
01101101110101001101011010010010
01101101111011000111011001111011
01101110000011011111011001011010
01101110010001100011111011100010
01101110010110011101111111100110
01101110011001011001000101010100
01101110111000101000001001111100
01101111100111111011110010101011
01110000001001100010011101101011
01110000101011100111010000000100
01110000101011101010010001001111
01110000110100111010110110010001
01110000111111001010110110000000
01110001000111111110100000010101
01110001001001011010010100010100
01110001100101111100000001110000
01110001110000001100010010010010
01110001111011010101111000001101
01110010000100010001101101110000
01110010000101010010010001011010
01110010011011011001010111110001
01110010110101001110110101000000
01110010111111011000010011001110
01110011001000110100101101111011
01110011001101000011100010100101
01110011100100100001010001001101
01110011110000110001101100001011
01110100000000100100110111010101
01110100100010000001010010010110
01110101010010101110011100110010
01110101101101001010011110101001
01110110000100001010000110101100
01110110001001010100111001011011
01110110001110011101101011111011
01110110101110010100100100110101
01110111010111100110000000101100
01110111011110010011110001010011
01110111011110110010001111001001
01111000001111010110011110010000
01111000011011011000111010110101
01111000011100010100011011000001
01111000110101011010101001011111
01111000110101101001001011011000
01111000111100100010000111010111
01111001010101010100100111111100
01111001101001000010011010011010
01111001110001000000110111010000
01111001111110101111111101011010
01111010000010101000011111001001
01111010001010000110010111101110
01111010101010010001100011011111
01111010101011000001101111001001
01111011010000011010000000001011
01111011010001011010100010000111
01111011010100111001001000100100
01111100001010011111100011011010
01111100001101111101011010011000
01111100010110011111011111010111
01111100011001111010000110011010
01111100011010100101001001111011
01111100110000010111101111010000
01111101010110101111001010110110
01111101100111001101110010010101
01111110010111100011100110001001
01111110110000010010111101111011
01111111001010000011100111011100
01111111111011010101001010100101
10000000000001001101100101011110
10000000011000111101010111011011
10000000101110100000110111010001
10000000110110111110101011011111
10000000110111011111101100100100
10000001101010000010001010111000
10000010000000010001101101011011
10000010000010111111011101100110
10000010000011001001110010010100
10000010001001110111010000000110
10000010001011010001011100110100
10000010010111111110110110010011
10000010011110010010001000010100
10000010111110011000101101000011
10000011110000100100111001111000
10000100001101101010010001111101
10000100010010101100001010010010
10000100011100110111011111110000
10000100011101110010101010110111
10000100110010010100000110010000
10000101000011101000011100011110
10000101010000010101010101111000
10000101100110110000010101100010
10000110001100011011111011111001
10000110110001101010111001000111
10000111010010101101101111100111
10000111011011000101010110001010
10000111100100011111101100010001
10001000101010001111010000111110
10001001100100110111011100100001
10001001100111011001100110100101
10001001111001110010101100000000
10001010011000100100101010011111
10001010101111011110011001000110
10001011100010101100100011001101
10001011101011100111100010010000
10001011101100111110101111000001
10001011110110010001011110111011
10001100111001110111100010011000
10001101001010101000011101010011
10001101011101010100011011001110
10001101100110001101011001101110
10001101110011111110110100000010
10001110001001110111101000100001
10001110110010000100011011001010
10001111000001000111110100111010
10001111000111100011001010001100
10001111011100100100100011010100
10001111011100100111011101111011
10001111101101100101111101011001
10001111101110000110011101010111
10010000001000001001100001100001
10010000001101000001011011001010
10010000101001110111011100000111
10010001000111000111001000001001
10010001001110011001000001010100
10010001100010000100000001110011
10010001101001110000110010100110
10010010000100001011101111010000
10010010010010100111110101101100
10010010010010111000011001001101
10010010010100101001001001001010
10010010100011010100110010010011
10010010100011011111110110010110
10010010101101010000010000011110
10010011000100011110110110001110
10010011001010100110110010001111
10010011110111110001111100000000
10010011111010100000001100000101
10010011111101001001011101000010
10010100011100011010001101000110
10010100111001111010101011110101
10010101000111011000111011111111
10010101100010111101101111011001
10010101110111111111110110100100
10010110001101001111100011001111
10010110010001000111011010010100
10010110010111110000011110001110
10010110101100011100101101101111
10010111000001001101111101111010
10010111100011000101010001110110
10011000000100100000000000000111
10011000001010110100001111000011
10011000011000101101010000010100
10011000011111011110011101011101
10011000100101011100101001010111
10011001000010001010110011100111
10011001000010001011000110001000
10011001011000001000001000011000
10011001011101000100111000011100
10011010000011100101110101000010
10011010001000111001001110100111
10011010011110010111010011100101
10011011000011111110001101010001
10011011000100101000010101011100
10011011001101111101111111000010
10011011110011100010100011101111
10011011111101111100111000011011
10011100010111010000011010001101
10011100011010111110110100111011
10011100011101010101110010010011
10011101000011101011100101110110
10011101000111101010110110110000
10011101001110000001110101100111
10011101001111111111100100000101
10011101010001100011000010010001
10011101011110110111010001001100
10011101100011101100000010011110
10011101101001000010111100111011
10011101101110101010101000101000
10011101110010100110010101101001
10011110010110011000110111000110
10011110011101001111010010110001
10011110110100011001110101011100
10011110110111101010101110100011
10011111000011001100001010010000
10011111000110010101111100101110
10011111001101101000000011100010
10011111100101001001110001011000
10011111111100011001001100010100
10100000000001101110110100010010
10100000011100111000011111101011
10100000101000000000010110111000
10100001000100011111000110010010
10100001001001101110111100011100
10100001110011100010000011101101
10100001110011100111110100101111
10100001111001111100100110011111
10100010010101100000011011000111
10100010011000001001000011111101
10100010011110011000101010110001
10100011000100010011101010001111
10100011010110100100111101011101
10100011111001011010011110001101
10100100010111000110010010111010
10100100100000010101001001000101
10100100101110110000110101100111
10100100111111001001000110111111
10100101100011111010000100101001
10100101101000110100010101011111
10100101110010001101010110011110
10100110001010010101110101001100
10100110011111101011100100100101
10100110101101111111000100011111
10100111001111010100110001110001
10100111100110100110000101101100
10100111110000101010101000111100
10100111110000110001001000100100
10100111111101010101010101100010
10101000000010011100101000001110
10101000111101000000011100000101
10101001110110011000100100010110
10101010101100110011101111110000
10101010111001110110001000110001
10101010111100010010110100000001
10101011001110001000101000101111
10101011010111111101111110111001
10101011011100100101010110100001
10101011110110000001111101011000
10101011111010011111110101011001
10101100010000001011011100001100
10101100010001100111011010101011
10101100010100010011110010000010
10101100011001000001111101011110
10101100101100100110010101100110
10101101001000101011010100001111
10101101010011000000110010010000
10101101010110111101010101000111
10101101100111111010100110110100
10101101101110111011100100110011
10101101101111001100010011010100
10101110001110100001101001001101
10101110100010000111011001000001
10101110100011010100110010000011
10101110100110001111110110001110
10101110111001111010000110101011
10101111001101110000000001111100
10101111011011000101001010010011
10101111011110111001100010111001
10110000100000001100000011001001
10110000110011111000100011000111
10110000111100111110100000001100
10110001000001110110010110111010
10110001011010001110111110100001
10110001101101101010101110000100
10110001110000110111100100001011
10110001111011000010001001101100
10110001111100010111101110001011
10110010001111010010111000100000
10110010100000000101110001101110
10110010101101000100000110000010
10110010111010110101100101101011
10110011010111110011000010010001
10110011101010111000101111001110
10110011101100110101010001011100
10110011111010010110110000111010
10110011111100011010001101011100
10110011111111110110100111101111
10110100100110001001011100011010
10110100101001001101110101000010
10110100110111110000001011000100
10110101010100001010011000001101
10110101010110011011011011011110
10110101010110011111101011011011
10110101110101001111100011111011
10110101110110010011011110101101
10110101111011111000101000000110
10110110000001000100010110100101
10110110000110101000101110000100
10110110001110110111011111101000
10110110011110001000100100110001
10110111100000111001100111101001
10110111100110101111111001001001
10110111111010111101011111111001
10111000001000001111000111101101
10111000101000011100101110110011
10111000111000000010011001111101
10111001010101100101011000101110
10111001100100010000110101100110
10111001100101100111011110101110
10111010000100000111111010010010
10111010000110100100101000011110
10111010101000100110111001001101
10111010101101100001011001010011
10111011100001110001010001111010
10111011100100011000011111111011
10111011101001011110000001000100
10111011101111010001001111010111
10111100001011100000100010101101
10111100001111010011111101110100
10111100101000010101111011001010
10111101010011101010010001001000
10111110001000110000111000010000
10111111001000010010111110001100
10111111001001100001111010011011
10111111001111100100101110101111
10111111010011000001001001110111
11000000000100100100111001000001
11000000001101101001001001000010
11000000011001010111101110010001
11000000011011111101111001101111
11000000101000000011000010101100
11000000101001011100001101001010
11000000110011101000000001100010
11000001000000001001111010110110
11000001000111000111011000010110
11000001010100000000010110110101
11000001011110101011101101111001
11000001101110101011111001000010
11000001110101110101001110000000
11000010000001100111100110000101
11000010011010111101111010000110
11000010111001100100101001110000
11000011000100000110000011101010
11000011000101011110111001111101
11000011010100100001001011011110
11000011100101100000001011011111
11000011101100011111010101001010
11000011111010010010011110001000
11000100000001110011000011100000
11000100010010001101011011100100
11000100010101100111011110001001
11000100011110010011111111111111
11000100100000010111101111010111
11000100100101011001001111001010
11000100100101101110100011100011
11000100110111011110000001111101
11000100111111001001011001010101
11000101010011100000011101011101
11000101010111011011110100101100
11000101100110001000011001111001
11000110000111111101011100000100
11000110010110110100001000011000
11000110010110111000000100101100
11000110110111001110110100011010
11000111100101010000000010000001
11000111101111100000011010111001
11000111111011010011000001001001
11000111111101101000010010000101
11000111111101110100110110010010
11001000000011000010101000110101
11001000010001010101110111001001
11001000100101111011110111100011
11001000101101001000101111000101
11001001001101100010011111010000
11001001010110101111101110101011
11001001011110011111111010100000
11001001100101010011111111111101
11001010001001001111111000100001
11001010001111101000101110110000
11001010010101000010110100100111
11001010100111110011100101010101
11001010110000110001001001010011
11001010111111101010110011010100
11001011001110111010011101000001
11001011010000111001110010110111
11001011011001001101111011110000
11001011011111110100000011110111
11001011100010110001111111001100
11001011101011010101111011110110
11001011110010110111110100001000
11001100001011001010000011010100
11001101000001100110010100000010
11001101000010001111011011110000
11001101001100001001100111110100
11001101010100001101001011101000
11001101110100100000111011111001
11001110111111000100101110100010
11001111001110111000110001010011
11001111011011001100110001011011
11001111111001111100110011000010
11010000011000100011010100000101
11010000011100111100011111000101
11010000100111110110101101111110
11010000111010000100010101100010
11010001000001100101000100001101
11010001001010001110001001000000
11010001100001011000010000010110
11010001100010011001110000100111
11010001100011100011101100110010
11010001110110000001110100011110
11010001111001111011111101000001
11010010000000110000101100110110
11010010001101100000001111111011
11010010001111000010011110110010
11010010010100111111101111110011
11010010100101111111100011001111
11010010110000001111010111000001
11010010110001010010000100101000
11010010110011100111010000111001
11010011000000000011101110000110
11010011001010110110001001110100
11010100000000101001000101111111
11010100001010101111101101001110
11010100010011000101101001110001
11010100011110010100000011001010
11010100101011100001011000101100
11010101000101110101101010000101
11010101010111101100111000011011
11010101101110101111001000111100
11010110001001000101000010110011
11010110110110011101010000101001
11010111000011101111110001110110
11010111010001000110110010110011
11010111010011001011010001111000
11010111011111011111111100011100
11010111110100000011111011011100
11011000000010100101010111110000
11011000011011001110011001001110
11011000100101000100010010111111
11011000100111001111110011001000
11011000101010110010111100001011
11011000110110011010001110010001
11011000110110100010011111011100
11011001000011010101011010011000
11011001000100000110000111111111
11011001111101001110100000001110
11011010100101111100111011010111
11011010100111110010010011001100
11011010101110101111000000001100
11011010110000001000100011111011
11011011001010111100111010001110
11011011110111110011111010011100
11011011111110011111101111110000
11011100001001111110111000010100
11011100010101111101010011011001
11011101000110001100011011110010
11011101101101010111011010101001
11011101111100111101011101101010
11011101111110110000101011001001
11011110000101110100010000101110
11011110011001001001110110100010
11011110100010000100100010011100
11011110110001001011000111001111
11011110111100101010111110111111
11011111010101010101100000110000
11011111010110001110110111111101
11011111011011100011011001110110
11100000000011101100110101000111
11100000001010001111100000100011
11100000001101100110011101110100
11100000011010111011101101000010
11100000100110100000100001011111
11100000111101000101110001010111
11100000111110000111111111011110
11100001000111110010011110110101
11100001110110101100101010100100
11100001111000000111011110100110
11100010001001100000000001000101
11100010010111010110010101100100
11100010100111010101111111001011
11100010101001101001011000111010
11100011001111000001001010010101
11100011011111000011100100111010
11100011100001000101111011011000
11100011111001010100100100001000
11100011111101001000011110110011
11100100001010010111100110110101
11100100010110001001111011010111
11100100100011100000011000100111
11100100110010000011111111010110
11100101001001101110110111000110
11100101011110001001101110001011
11100101101011110110101111111010
11100101110001111001111101110110
11100101110111111110100001110100
11100110001100110010111100001101
11100110010001001000000100110111
11100110110000011001111011001111
11100110110011011010100101110100
11100111000100100011011110000011
11100111100011110001000010101111
11100111110011011011010111111101
11100111111100011001111010101110
11100111111110111010001000101110
11101000000010101010101100100001
11101000001001000000110110011000
11101000100100111111000110110100
11101000111010010010101111011100
11101001010101101110100011001010
11101001100010011110001011000001
11101001100010100000101001011010
11101001100110001000101000100001
11101001111101111111110010011000
11101010000100001101000100000111
11101010010010101010010000011110
11101010010100010100100100111000
11101010010110100000001010110011
11101010010111001011101101110001
11101010011101110111100001001000
11101010100011010011011011111111
11101010101111011110111010011011
11101010110001101001111100101000
11101011010111110110001001111010
11101011011110110110101101100001
11101011100111100011010110101010
11101011101000010000100010001100
11101011101010110100111110000111
11101011110001010101100100010111
11101100000101000101001100101001
11101100001000110100101010000010
11101100010100100011011010011101
11101101000011001011110111110101
11101101011011011001111101010011
11101101100100011001100100000011
11101110010000111000110010110110
11101110011001101100101101001011
11101111011001011110011101100011
11101111110100111111110000101000
11110000000010101011101101011011
11110000000110101111001000011010
11110000000111111011010000011010
11110000110111000111110110110100
11110001000000100011000011111111
11110010000111011011000010010111
11110010001100100001011110111100
11110010001110011000101100001001
11110010010000100110011110101101
11110010101010000101110000111111
11110011001110111101010011101001
11110011101101101010101000100010
11110011111101101011100101010110
11110100010011100011000001100111
11110100011101011101001110101000
11110100111011011000100100001101
11110101000100110101101101000111
11110101001110000100110111010101
11110101011110111000001100011010
11110101100001101000100100000010
11110101100010110110000111100010
11110101110111001001100010001101
11110110010100110111100000010110
11110110101100000111101100010101
11110110101110001000100011000110
11110110111010101101011011001101
11110111000011001110110110110101
11110111000101110011111001010010
11110111100011111010000101001000
11111000100110100101110100110110
11111000110000000011011000010110
11111001011000000110101011101010
11111001100111110010101011101011
11111001101101100011111001011101
11111001110000101101100001011111
11111010001001111110010001010010
11111010010101000010100100010010
11111010011101110110110011001011
11111011000000100001010000101001
11111011110111100010011001001100
11111011111000011011001001011111
11111100000111100011110101000011
11111100001011101001111111011110
11111100101000101101101101000000
11111100101111011011000111001011
11111101000010101100011010001101
11111101011010000111101011010011
11111101100110011101001001110111
11111101110001100110101011101100
11111110000001001011101111100111
11111110101111100010100000001010
11111111000110001011101100110100
11111111010110010111110011100111
11111111010111111001100111011100
11111111111100011000001001000010